0.294417 0.0996529 0.0938528 
0.278412 0.0711372 0.0684484 
0.23957 0.0751926 0.0697072 
0.183343 0.0939797 0.08659 
0.128407 0.105296 0.0986785 
0.0936382 0.104787 0.0994688 
0.0826399 0.098503 0.0933218 
0.0881418 0.089119 0.0837317 
0.101966 0.0766982 0.0712436 
0.118013 0.0608533 0.055746 
0.129947 0.0424159 0.0385292 
0.132307 0.0260106 0.02441 
0.12302 0.0232501 0.0230279 
0.103951 0.0329071 0.0316365 
0.0793844 0.0418195 0.0395939 
0.0537874 0.0463804 0.0437781 
0.0311816 0.0468173 0.0441759 
0.0200258 0.0439642 0.041416 
0.0290043 0.0384542 0.0360679 
0.0430405 0.0307738 0.0286312 
0.0540476 0.0215469 0.0197455 
0.0598048 0.0118408 0.0104123 
0.0597561 0.00490301 0.00378821 
0.054465 0.00912168 0.00867666 
0.0452385 0.0151828 0.0146121 
0.0336549 0.0193851 0.0186832 
0.0212524 0.0214729 0.0207169 
0.00987886 0.0216133 0.020864 
0.00730033 0.020087 0.0193903 
0.0151057 0.017217 0.0166195 
0.0222607 0.0133761 0.012932 
0.0270191 0.00902984 0.00879733 
0.029039 0.00490974 0.00493303 
0.0283934 0.00326047 0.0033296 
0.0254506 0.0055155 0.00526264 
0.0207762 0.00805298 0.00758098 
0.0150254 0.009786 0.00918071 
0.0088654 0.0105527 0.00988074 
0.00311295 0.0103926 0.00970817 
0.00342203 0.00943165 0.00877869 
0.00770566 0.00784504 0.00725834 
0.0109938 0.00583851 0.00534479 
0.0129775 0.0036408 0.00326008 
0.0136267 0.00155433 0.00132605 
0.0130453 0.00113528 0.00124969 
0.0114366 0.00261046 0.00268062 
0.00907043 0.00384012 0.00384251 
0.00624782 0.00461116 0.00456688 
0.00327406 0.00490297 0.00483629 
0.000584489 0.00475117 0.00468498 
0.00223023 0.004227 0.00418101 
0.00424795 0.00342581 0.00341568 
0.0056723 0.00245986 0.00249674 
0.0064485 0.00146529 0.00155395 
0.00659196 0.000731388 0.000830434 
0.00617087 0.000964786 0.000902738 
0.00529281 0.00158986 0.00143897 
0.00409034 0.00208921 0.00189593 
0.0027067 0.00237852 0.00216328 
0.00128541 0.00244782 0.00222513 
0.000216519 0.00231532 0.00209691 
0.00126083 0.00201624 0.00181159 
0.00216305 0.00159652 0.00141284 
0.00277059 0.00110798 0.000950773 
0.00306757 0.000607749 0.000485095 
0.00306851 0.000217289 0.000211996 
0.00281129 0.000404083 0.000485116 
0.00235072 0.000720483 0.000788152 
0.00175176 0.000948602 0.00100286 
0.001083 0.0010692 0.00111476 
0.000413438 0.0010841 0.00112611 
0.000237573 0.00100539 0.00104866 
0.000752007 0.000852198 0.000900813 
0.00114779 0.000648442 0.000705482 
0.00139913 0.000422258 0.000489249 
0.00150277 0.000216887 0.000287586 
0.00146877 0.00017424 0.000183494 
0.00131753 0.000311565 0.000256685 
0.0010767 0.000445685 0.000369569 
0.000777977 0.000536562 0.000451217 
0.000454067 0.000577108 0.000487914 
0.000138505 0.000568872 0.000479439 
0.000162244 0.000518192 0.000431297 
0.000397225 0.000434512 0.000352344 
0.00057043 0.000329115 0.000253506 
0.000673523 0.000214247 0.000147702 
0.000706702 0.000104382 6.15688e-05 
0.000676153 5.14609e-05 9.16957e-05 
0.000592639 0.000114731 0.000166091 
0.000469992 0.000176981 0.000225378 
0.000323584 0.000216828 0.000262251 
0.000169012 0.000232241 0.000275711 
2.67175e-05 0.000224786 0.000267439 
0.000115476 0.000198061 0.000240937 
0.00022066 0.00015704 0.000200977 
0.000294701 0.000107754 0.000153191 
0.000335011 5.85144e-05 0.000104112 
0.000342472 3.54379e-05 6.31961e-05 
0.000320644 6.46474e-05 4.92547e-05 
0.000275097 9.95987e-05 6.55855e-05 
0.000212684 0.000125871 8.57481e-05 
0.000140814 0.000140825 9.83923e-05 
6.69018e-05 0.000144227 0.000101195 
1.02372e-05 0.000137095 9.4528e-05 
6.51061e-05 0.000121288 7.99879e-05 
0.000112045 9.921e-05 5.99228e-05 
0.000143626 7.35539e-05 3.7468e-05 
0.000159065 4.71602e-05 1.92858e-05 
0.000159127 2.35488e-05 2.38856e-05 
0.000145782 1.38744e-05 4.1016e-05 
0.000121877 2.52578e-05 5.63285e-05 
9.07807e-05 3.64295e-05 6.70523e-05 
5.60505e-05 4.26574e-05 7.25137e-05 
2.12515e-05 4.35808e-05 7.28147e-05 
1.23868e-05 3.97297e-05 6.85571e-05 
3.91737e-05 3.20911e-05 6.0695e-05 
5.97295e-05 2.20098e-05 5.04165e-05 
7.27742e-05 1.16667e-05 3.9057e-05 
7.8146e-05 9.02124e-06 2.80916e-05 
7.63701e-05 1.74581e-05 1.93147e-05 
6.85074e-05 2.65304e-05 1.49554e-05 
5.59946e-05 3.3716e-05 1.53712e-05 
4.04765e-05 3.83728e-05 1.73554e-05 
2.36523e-05 4.03412e-05 1.84046e-05 
7.26385e-06 3.97549e-05 1.77464e-05 
8.37076e-06 3.69627e-05 1.54505e-05 
2.05712e-05 3.24654e-05 1.20668e-05 
2.95684e-05 2.68555e-05 8.77351e-06 
3.49255e-05 2.07644e-05 7.90093e-06 
3.66522e-05 1.48295e-05 1.05012e-05 
3.50697e-05 9.71529e-06 1.43985e-05 
3.07366e-05 6.25032e-06 1.80514e-05 
2.43712e-05 5.22825e-06 2.08361e-05 
1.67719e-05 5.72486e-06 2.25009e-05 
8.74939e-06 6.08895e-06 2.29909e-05 
1.38744e-06 5.74897e-06 2.23853e-05 
6.02603e-06 4.81096e-06 2.08603e-05 
1.14839e-05 3.8892e-06 1.8658e-05 
1.53258e-05 4.1333e-06 1.60573e-05 
1.74165e-05 5.79436e-06 1.33475e-05 
1.78015e-05 7.99338e-06 1.0804e-05 
1.66657e-05 1.01286e-05 8.66029e-06 
1.42986e-05 1.18973e-05 7.06554e-06 
1.1056e-05 1.31397e-05 6.02803e-06 
7.32308e-06 1.37869e-05 5.40686e-06 
3.4866e-06 1.384e-05 5.01815e-06 
5.69715e-07 1.33555e-05 4.77145e-06 
3.38355e-06 1.24317e-05 4.70972e-06 
5.81912e-06 1.11943e-05 4.93397e-06 
7.45897e-06 9.78202e-06 5.47546e-06 
8.26097e-06 8.33336e-06 6.24529e-06 
8.26465e-06 6.97354e-06 7.09485e-06 
7.57235e-06 5.8025e-06 7.88425e-06 
6.33192e-06 4.8829e-06 8.50977e-06 
4.71854e-06 4.23194e-06 8.9076e-06 
2.91774e-06 3.82677e-06 9.05036e-06 
1.12019e-06 3.62868e-06 8.94157e-06 
6.65325e-07 3.6091e-06 8.60949e-06 
2.03878e-06 3.75249e-06 8.10019e-06 
3.10287e-06 4.03832e-06 7.47061e-06 
3.77873e-06 4.42685e-06 6.7814e-06 
4.0568e-06 4.86254e-06 6.09046e-06 
3.96408e-06 5.28662e-06 5.44701e-06 
3.55559e-06 5.64785e-06 4.88732e-06 
2.90603e-06 5.90839e-06 4.43255e-06 
2.1011e-06 6.04583e-06 4.08979e-06 
1.23029e-06 6.05289e-06 3.856e-06 
3.95464e-07 5.93576e-06 3.72279e-06 
4.60061e-07 5.71148e-06 3.67932e-06 
1.08216e-06 5.40478e-06 3.71218e-06 
1.54687e-06 5.0447e-06 3.80397e-06 
1.82412e-06 4.66129e-06 3.93299e-06 
1.91345e-06 4.28253e-06 4.0751e-06 
1.83128e-06 3.93187e-06 4.20667e-06 
1.60663e-06 3.62663e-06 4.30758e-06 
1.27694e-06 3.37733e-06 4.36316e-06 
8.84253e-07 3.18822e-06 4.36512e-06 
4.7324e-07 3.05838e-06 4.31152e-06 
1.30696e-07 2.98315e-06 4.20607e-06 
3.23691e-07 2.95507e-06 4.05695e-06 
5.98623e-07 2.96454e-06 3.87539e-06 
7.95657e-07 3.00021e-06 3.6742e-06 
9.03224e-07 3.04979e-06 3.46625e-06 
9.22866e-07 3.10104e-06 3.26331e-06 
8.63978e-07 3.14293e-06 3.07509e-06 
7.41603e-07 3.16657e-06 2.90869e-06 
5.74477e-07 3.16589e-06 2.7685e-06 
3.83517e-07 3.1379e-06 2.65629e-06 
1.93334e-07 3.08256e-06 2.57159e-06 
8.62024e-08 3.00245e-06 2.51211e-06 
1.97601e-07 2.90211e-06 2.47409e-06 
3.17255e-07 2.78741e-06 2.45274e-06 
4.00027e-07 2.66481e-06 2.44256e-06 
4.40641e-07 2.54065e-06 2.43788e-06 
4.40467e-07 2.42064e-06 2.43327e-06 
4.04658e-07 2.30943e-06 2.42404e-06 
3.40967e-07 2.21036e-06 2.40654e-06 
2.58902e-07 2.1254e-06 2.37842e-06 
1.69505e-07 2.05522e-06 2.33867e-06 
8.93037e-08 1.99933e-06 2.28756e-06 

