0.172957 0.272229 0.443782 0.519544 0.59552 0.639665 0.68095 0.709906 0.737132 0.758703 0.779003 0.7963 0.812309 0.826559 0.839313 0.851017 0.860943 0.870328 0.877617 0.884826 0.889583 0.894753 0.897028 0.900291 0.900038 0.90147 0.898421 0.897947 0.89139 0.888652 0.877031 0.871238 0.851286 0.840942 0.80498 0.786375 0.710813 0.664648 0.443695 0.240447 
-0.0459663 -0.02335 0.0281156 0.0843435 0.149017 0.203899 0.259438 0.306685 0.35261 0.392918 0.431354 0.466063 0.498569 0.528533 0.555931 0.581563 0.604207 0.625677 0.643691 0.661081 0.67449 0.687885 0.696657 0.70614 0.710116 0.715687 0.714396 0.71579 0.708099 0.704496 0.688023 0.677593 0.647708 0.626762 0.574746 0.535244 0.443501 0.359278 0.182249 0.0353974 
-0.0634483 -0.0832811 -0.0810018 -0.060326 -0.0192507 0.0180212 0.0640842 0.104969 0.148814 0.188601 0.228608 0.265588 0.301338 0.334799 0.366091 0.395632 0.422275 0.447621 0.469422 0.490394 0.507188 0.523701 0.535331 0.547347 0.553568 0.560972 0.561233 0.563592 0.556654 0.552808 0.536088 0.523437 0.491954 0.465145 0.409837 0.357738 0.262266 0.160417 0.0251836 -0.0496658 
-0.0238499 -0.0447405 -0.0701852 -0.0693885 -0.0563712 -0.0341043 -0.00435124 0.0273344 0.0621626 0.0964277 0.131275 0.164847 0.197485 0.228737 0.258033 0.286041 0.311301 0.335478 0.356237 0.376224 0.39217 0.407781 0.4187 0.429843 0.435492 0.442017 0.441905 0.443334 0.436359 0.431429 0.415314 0.401193 0.371684 0.342656 0.292509 0.237394 0.155295 0.0608172 -0.0236924 -0.0534234 
-0.0172679 -0.0312304 -0.0551066 -0.0574082 -0.0512458 -0.0366227 -0.0146564 0.00945794 0.0376248 0.0655964 0.0950696 0.123561 0.151818 0.178863 0.204446 0.2288 0.250763 0.271607 0.289323 0.30616 0.319249 0.331838 0.340096 0.348352 0.351616 0.355428 0.353348 0.352287 0.343965 0.336784 0.320226 0.304049 0.275436 0.244546 0.197578 0.142095 0.0709334 -0.00796289 -0.0526622 -0.0488976 
-0.00652546 -0.0148199 -0.0322299 -0.034234 -0.0329608 -0.0218448 -0.0066946 0.0130146 0.0350801 0.0587551 0.0831265 0.107669 0.131611 0.155026 0.17682 0.197748 0.216228 0.233733 0.248126 0.26163 0.271497 0.28074 0.285906 0.290846 0.291266 0.291893 0.287435 0.283465 0.273563 0.263937 0.247087 0.229174 0.202269 0.170822 0.128801 0.0763332 0.0189936 -0.0411054 -0.0565784 -0.0347147 
-0.00485919 -0.00823637 -0.0206308 -0.0203134 -0.0187833 -0.00902385 0.00363379 0.0201799 0.0388004 0.0588247 0.0796806 0.10068 0.121343 0.141479 0.160253 0.178115 0.193748 0.208286 0.219904 0.230443 0.237551 0.243777 0.246206 0.248085 0.245875 0.243469 0.236653 0.229807 0.218073 0.205916 0.188105 0.168294 0.141821 0.10983 0.071072 0.0228404 -0.0220822 -0.0638492 -0.0568242 -0.0248616 
-0.00203926 -0.00292986 -0.00959996 -0.00768845 -0.00601399 0.00278113 0.0126257 0.0268065 0.041758 0.0589603 0.076237 0.0944391 0.111911 0.12944 0.14542 0.160861 0.174003 0.186239 0.195566 0.203843 0.208782 0.212735 0.213096 0.212676 0.208542 0.20385 0.195376 0.186361 0.173451 0.159415 0.141217 0.120132 0.0945658 0.0628274 0.0279015 -0.014755 -0.0477049 -0.0730241 -0.0514696 -0.016221 
-0.00179902 -0.000506947 -0.00449493 -0.00100061 0.00126763 0.00945491 0.0178813 0.029951 0.0424585 0.0569368 0.0715058 0.0869385 0.101831 0.116793 0.130455 0.143587 0.154678 0.164829 0.172331 0.17869 0.181984 0.184128 0.182989 0.180821 0.175321 0.168921 0.159244 0.148578 0.134704 0.119163 0.100408 0.0782622 0.0530651 0.0218945 -0.00964898 -0.0461326 -0.0681159 -0.0791443 -0.0470359 -0.0111625 
-0.000899173 0.00117659 7.58442e-05 0.00419119 0.00685305 0.0141498 0.0208446 0.0309256 0.0407042 0.0527442 0.064393 0.0773697 0.0895474 0.10224 0.113534 0.124654 0.133748 0.142152 0.148012 0.15287 0.15485 0.155706 0.153546 0.15026 0.143997 0.136594 0.126382 0.114787 0.10059 0.0842105 0.0654251 0.0428218 0.0184367 -0.0114331 -0.0391357 -0.0688783 -0.0809504 -0.0800044 -0.0419379 -0.00745725 
-0.000901257 0.00197843 0.00181804 0.00637607 0.00890805 0.0153182 0.0206089 0.0287673 0.036389 0.0460262 0.0552794 0.0657868 0.0756497 0.0860353 0.0952576 0.10434 0.111681 0.118362 0.122818 0.12628 0.127208 0.126976 0.124093 0.119973 0.113258 0.105192 0.0947063 0.0825181 0.0681347 0.0511984 0.0323651 0.00959029 -0.0139781 -0.0420319 -0.0656687 -0.0883907 -0.0912602 -0.0802687 -0.0382105 -0.00545011 
-0.000515145 0.00237175 0.00327483 0.00751375 0.00978015 0.0149225 0.0186266 0.0248042 0.0301049 0.0374543 0.0441734 0.0523848 0.0598206 0.0680809 0.0751583 0.082392 0.0879645 0.0931354 0.0962492 0.0985678 0.0985943 0.0975788 0.0942099 0.0896192 0.0827601 0.0744366 0.0640243 0.0516615 0.0374351 0.0203631 0.00183338 -0.0205959 -0.0428591 -0.0683605 -0.0874479 -0.102906 -0.0975259 -0.0783393 -0.0346232 -0.00397556 
-0.000542421 0.00243988 0.00324743 0.00703831 0.0084482 0.0122766 0.0143544 0.018581 0.0218008 0.0268964 0.0313842 0.0373008 0.0425768 0.0486868 0.0538346 0.0591941 0.0631783 0.0668368 0.0687692 0.0699768 0.0692487 0.0675159 0.0637894 0.0588161 0.0519091 0.0434231 0.0331308 0.0206881 0.00662559 -0.0104411 -0.0285896 -0.0503289 -0.0709215 -0.0932474 -0.107293 -0.115384 -0.102292 -0.0764051 -0.0318724 -0.00317372 
-0.000342152 0.00223045 0.00302565 0.00582693 0.00632262 0.00852042 0.00890153 0.0110844 0.0121545 0.0150333 0.0172136 0.0209256 0.0239642 0.0280353 0.0311951 0.0348103 0.0371863 0.0394849 0.0402627 0.0405331 0.0391182 0.036855 0.0328651 0.0276968 0.0208462 0.0123792 0.00231561 -0.0100135 -0.0237614 -0.0405316 -0.0579823 -0.078481 -0.0968027 -0.115199 -0.123739 -0.124417 -0.104469 -0.0733206 -0.0291819 -0.00249579 
-0.000376413 0.00186813 0.00194183 0.00370109 0.0028375 0.00340499 0.00197574 0.00216251 0.00117178 0.00187343 0.00190421 0.00341592 0.0043737 0.00638236 0.00768957 0.00953017 0.0104141 0.0113309 0.0110513 0.0103722 0.0083403 0.00553282 0.00130766 -0.00408419 -0.0109004 -0.0193897 -0.0292742 -0.0414951 -0.0549113 -0.0712216 -0.0877045 -0.106465 -0.121887 -0.135686 -0.138221 -0.131585 -0.105372 -0.0701989 -0.026873 -0.00208473 
-0.000272276 0.00130432 0.000731527 0.0010993 -0.00109791 -0.00236189 -0.0055768 -0.00744994 -0.0104968 -0.0119616 -0.0141091 -0.0147567 -0.0159326 -0.0159313 -0.0165328 -0.0163986 -0.0170486 -0.0174319 -0.0187903 -0.0203298 -0.0229865 -0.0262541 -0.0307218 -0.0362671 -0.0430587 -0.0514988 -0.0611807 -0.0731484 -0.0860691 -0.101554 -0.116609 -0.132935 -0.144744 -0.153238 -0.149469 -0.135751 -0.104229 -0.0662623 -0.0245163 -0.00167428 
-0.000318567 0.000667683 -0.000980582 -0.00197437 -0.00577497 -0.00879699 -0.0138735 -0.0177177 -0.0227778 -0.0263484 -0.0305889 -0.0333808 -0.036607 -0.0386377 -0.0410833 -0.0427056 -0.0448476 -0.0465944 -0.0490142 -0.0514868 -0.0547803 -0.058592 -0.0633464 -0.0691358 -0.0759611 -0.0844123 -0.0938949 -0.105538 -0.117768 -0.13207 -0.145158 -0.158371 -0.165816 -0.168447 -0.158132 -0.137785 -0.101794 -0.0621716 -0.0223158 -0.00139339 
-0.000274797 -9.87114e-05 -0.00272082 -0.00526062 -0.0105557 -0.0154163 -0.022247 -0.028068 -0.035069 -0.0407188 -0.0470287 -0.0519326 -0.057229 -0.0612658 -0.0656068 -0.0689691 -0.0726724 -0.0757746 -0.0793327 -0.0827363 -0.0867439 -0.0910993 -0.0962078 -0.102224 -0.109108 -0.117481 -0.126665 -0.137711 -0.148899 -0.161442 -0.171902 -0.181203 -0.183615 -0.179935 -0.163182 -0.136881 -0.0976151 -0.0574566 -0.0200558 -0.00109544 
-0.000332647 -0.00087355 -0.00469821 -0.00867178 -0.0155727 -0.0221234 -0.0307089 -0.0383633 -0.0472439 -0.0548681 -0.0631689 -0.0701326 -0.0774351 -0.0834812 -0.089687 -0.0948431 -0.100117 -0.104668 -0.109409 -0.113859 -0.118647 -0.123661 -0.129183 -0.135499 -0.142435 -0.150681 -0.15939 -0.169554 -0.179237 -0.189432 -0.196535 -0.20123 -0.198026 -0.187883 -0.16499 -0.133688 -0.0922661 -0.0526052 -0.0178901 -0.000882779 
-0.000325765 -0.00170188 -0.00657844 -0.0120312 -0.0203524 -0.0285644 -0.038723 -0.0481424 -0.0587571 -0.0682754 -0.0784704 -0.087422 -0.0966875 -0.104697 -0.112779 -0.119717 -0.126621 -0.13264 -0.138653 -0.144183 -0.14984 -0.155525 -0.161502 -0.168053 -0.174963 -0.182854 -0.190796 -0.199592 -0.207204 -0.214329 -0.217387 -0.216848 -0.207741 -0.191263 -0.162976 -0.127843 -0.0856116 -0.0473815 -0.0157226 -0.000660825 
-0.000387406 -0.00247592 -0.0084801 -0.0152263 -0.0249496 -0.0346076 -0.0462558 -0.0572344 -0.0694643 -0.0807024 -0.0926638 -0.103476 -0.114596 -0.124501 -0.134395 -0.143114 -0.151636 -0.159178 -0.166491 -0.173181 -0.179738 -0.186147 -0.192552 -0.199286 -0.206001 -0.213292 -0.220068 -0.227008 -0.231926 -0.235358 -0.233774 -0.227666 -0.212641 -0.190379 -0.157668 -0.120075 -0.0782099 -0.0421952 -0.013673 -0.000506775 
-0.000396812 -0.00322965 -0.0101584 -0.0181341 -0.0290118 -0.0399965 -0.0528883 -0.065279 -0.0788998 -0.0916971 -0.105232 -0.117748 -0.130575 -0.142245 -0.153859 -0.164271 -0.174377 -0.183391 -0.192006 -0.199815 -0.207263 -0.214307 -0.22105 -0.227757 -0.234024 -0.240313 -0.245469 -0.24997 -0.251633 -0.25082 -0.24427 -0.232545 -0.212043 -0.184885 -0.149088 -0.110454 -0.0701514 -0.0369473 -0.011703 -0.000351031 
-0.000450565 -0.00387417 -0.0116908 -0.020656 -0.0325747 -0.0446203 -0.0585975 -0.0721346 -0.0869551 -0.101056 -0.115954 -0.12994 -0.144268 -0.157512 -0.170672 -0.182641 -0.1942 -0.204602 -0.214417 -0.223274 -0.231497 -0.23906 -0.245943 -0.252392 -0.257873 -0.262778 -0.265837 -0.26744 -0.2654 -0.260089 -0.248538 -0.231588 -0.206385 -0.175578 -0.138096 -0.0998149 -0.0619554 -0.0319698 -0.00989696 -0.000251326 
-0.000458437 -0.00443941 -0.012903 -0.0227193 -0.0353927 -0.0483167 -0.0630875 -0.0775579 -0.0932855 -0.108446 -0.124417 -0.139612 -0.155165 -0.169724 -0.184185 -0.197473 -0.21028 -0.221853 -0.232687 -0.242376 -0.251176 -0.258998 -0.265756 -0.271597 -0.275934 -0.279026 -0.279606 -0.277949 -0.272028 -0.262233 -0.246069 -0.224635 -0.195902 -0.162853 -0.125181 -0.0884494 -0.0537765 -0.0272055 -0.00823485 -0.000152107 
-0.000493522 -0.0048594 -0.0138632 -0.0242641 -0.0375225 -0.051034 -0.0663912 -0.0814906 -0.0978769 -0.113777 -0.130531 -0.146603 -0.163067 -0.178614 -0.19406 -0.208362 -0.222112 -0.234577 -0.246138 -0.256389 -0.265464 -0.273254 -0.279552 -0.284463 -0.287303 -0.288289 -0.286135 -0.281133 -0.271417 -0.25755 -0.23748 -0.212662 -0.181719 -0.147911 -0.111328 -0.077112 -0.0460068 -0.0228884 -0.00676449 -9.73564e-05 
-0.000487544 -0.00516665 -0.0144583 -0.02527 -0.0388191 -0.0527074 -0.0683445 -0.0838262 -0.100544 -0.116891 -0.134076 -0.150686 -0.167688 -0.183852 -0.199903 -0.214837 -0.229158 -0.242133 -0.254061 -0.264495 -0.273496 -0.280882 -0.286392 -0.290039 -0.291134 -0.289818 -0.284908 -0.276696 -0.263613 -0.246362 -0.223416 -0.196464 -0.164735 -0.131505 -0.0971153 -0.066053 -0.0387374 -0.018947 -0.00546504 -4.11757e-05 
-0.000498248 -0.00531913 -0.0147645 -0.0257259 -0.0393802 -0.0533617 -0.0690609 -0.0846199 -0.101406 -0.11786 -0.135158 -0.151932 -0.169102 -0.185483 -0.201735 -0.216886 -0.231362 -0.24444 -0.256325 -0.266561 -0.275111 -0.281765 -0.286183 -0.288356 -0.287566 -0.283976 -0.276486 -0.2655 -0.249703 -0.23002 -0.205335 -0.177568 -0.146315 -0.114791 -0.083324 -0.0557851 -0.0321915 -0.0155192 -0.00435401 -1.83713e-05 
-0.000473722 -0.00535491 -0.0147203 -0.0256597 -0.0391497 -0.0530227 -0.0685006 -0.0839011 -0.100447 -0.116723 -0.133785 -0.150382 -0.167335 -0.18354 -0.19958 -0.214525 -0.228733 -0.241487 -0.252928 -0.262573 -0.270335 -0.275956 -0.27908 -0.279653 -0.277017 -0.271328 -0.261665 -0.248501 -0.230843 -0.209747 -0.184504 -0.157093 -0.127403 -0.098382 -0.0703122 -0.0463826 -0.0263601 -0.0125076 -0.00340649 9.18328e-06 
-0.000461117 -0.00525294 -0.014414 -0.025105 -0.0382655 -0.0517862 -0.0668531 -0.0818324 -0.0979087 -0.113713 -0.130261 -0.146348 -0.162753 -0.178416 -0.193872 -0.208226 -0.221781 -0.233836 -0.244475 -0.253216 -0.259918 -0.264322 -0.26605 -0.265063 -0.260748 -0.253324 -0.242012 -0.227412 -0.208769 -0.187286 -0.162505 -0.136434 -0.109054 -0.0830444 -0.0585089 -0.0380997 -0.0213245 -0.0099796 -0.00262067 1.27018e-05 
-0.000420625 -0.00505547 -0.0138227 -0.0241254 -0.0367384 -0.0497451 -0.0641741 -0.0785472 -0.0939096 -0.109021 -0.124783 -0.140096 -0.155651 -0.170468 -0.185016 -0.198454 -0.211034 -0.222081 -0.231643 -0.239238 -0.244717 -0.247808 -0.248168 -0.245757 -0.240066 -0.231344 -0.219001 -0.203695 -0.184924 -0.163919 -0.140449 -0.116399 -0.0918214 -0.0690231 -0.0479921 -0.0308513 -0.0170039 -0.00782512 -0.00197119 2.37115e-05 
-0.000391318 -0.00475619 -0.0130408 -0.0227843 -0.0347306 -0.0470412 -0.0606988 -0.0742756 -0.0887697 -0.102983 -0.117775 -0.132089 -0.14658 -0.160311 -0.173719 -0.186 -0.197379 -0.207209 -0.215519 -0.221848 -0.22604 -0.227852 -0.226964 -0.223382 -0.216673 -0.207154 -0.194368 -0.17905 -0.160849 -0.141022 -0.119429 -0.0978369 -0.0762441 -0.0566575 -0.0388952 -0.0247124 -0.0133945 -0.00607163 -0.0014471 1.76059e-05 
-0.000342021 -0.00439736 -0.0120685 -0.0211624 -0.0322904 -0.0438012 -0.0565344 -0.0692023 -0.0826729 -0.0958618 -0.109524 -0.122697 -0.135959 -0.14845 -0.160556 -0.171532 -0.181573 -0.190075 -0.197058 -0.202091 -0.205039 -0.205677 -0.203749 -0.199282 -0.19195 -0.182096 -0.169409 -0.154629 -0.137551 -0.119362 -0.100004 -0.0810392 -0.0624432 -0.0458853 -0.031109 -0.0195146 -0.0103866 -0.00461259 -0.00102639 2.04206e-05 
-0.000305013 -0.00398012 -0.0109966 -0.0193338 -0.0295815 -0.04018 -0.0519218 -0.0635725 -0.0759502 -0.0880113 -0.100471 -0.112405 -0.124364 -0.135529 -0.146267 -0.155874 -0.164539 -0.171698 -0.177375 -0.181179 -0.182997 -0.182647 -0.179918 -0.174883 -0.167289 -0.157522 -0.145354 -0.131537 -0.115929 -0.0996568 -0.082655 -0.0663233 -0.0505494 -0.0367628 -0.0246015 -0.0152436 -0.00794052 -0.00345814 -0.000695622 1.08062e-05 
-0.000255068 -0.00354209 -0.00983341 -0.0173777 -0.0266617 -0.0363052 -0.0469765 -0.0575699 -0.0687868 -0.0796869 -0.0908904 -0.101562 -0.112184 -0.122013 -0.131375 -0.139629 -0.146948 -0.152821 -0.157282 -0.159979 -0.160838 -0.159704 -0.156433 -0.151116 -0.143584 -0.134222 -0.122891 -0.110299 -0.0963648 -0.0820976 -0.0674443 -0.0535976 -0.0404157 -0.0290731 -0.0191884 -0.0117134 -0.00594872 -0.00251537 -0.00043785 1.03793e-05 
-0.000218534 -0.00308571 -0.00865734 -0.0153619 -0.0236758 -0.0323165 -0.0419114 -0.0514109 -0.0614706 -0.0711916 -0.0811575 -0.0905722 -0.0998945 -0.108421 -0.116469 -0.123439 -0.12951 -0.134211 -0.137596 -0.139354 -0.139444 -0.137751 -0.134172 -0.128831 -0.121606 -0.112893 -0.102588 -0.0913689 -0.0791584 -0.066876 -0.0544271 -0.0428593 -0.0319616 -0.0227448 -0.0147765 -0.00888123 -0.00436486 -0.00178953 -0.000240381 5.80112e-07 
-0.000174309 -0.00264085 -0.00747391 -0.0133509 -0.0206708 -0.0283184 -0.0368192 -0.0452426 -0.0541448 -0.0627213 -0.0714742 -0.0796886 -0.0877655 -0.0950731 -0.101895 -0.107694 -0.11264 -0.116315 -0.118787 -0.119785 -0.119301 -0.117248 -0.113572 -0.108403 -0.101672 -0.0937495 -0.084577 -0.07476 -0.0642441 -0.0538219 -0.0433954 -0.0338425 -0.0249418 -0.0175259 -0.0111791 -0.0065796 -0.00309849 -0.00120458 -9.14113e-05 -4.87123e-07 
-0.000143659 -0.00220757 -0.00634418 -0.0113955 -0.01776 -0.0244184 -0.0318659 -0.0392292 -0.0470272 -0.0544973 -0.0621111 -0.0691921 -0.0761223 -0.0823092 -0.0880302 -0.0927897 -0.0967618 -0.0995702 -0.101298 -0.101716 -0.100838 -0.0986074 -0.0949973 -0.0901525 -0.0840259 -0.0769764 -0.0689501 -0.0605062 -0.0515705 -0.0428515 -0.0342109 -0.0264181 -0.0192102 -0.0133153 -0.00829924 -0.00476769 -0.00210996 -0.000766364 1.97795e-05 -8.91349e-06 
-0.000108537 -0.00180707 -0.00526564 -0.00953914 -0.0149692 -0.0206867 -0.0271072 -0.0334664 -0.0402024 -0.0466391 -0.0531801 -0.0592231 -0.0651016 -0.0702878 -0.0750311 -0.0788923 -0.0820373 -0.0841363 -0.085282 -0.0852781 -0.0841619 -0.0818946 -0.078478 -0.0740504 -0.068594 -0.0624295 -0.0555229 -0.0483593 -0.0408713 -0.0336597 -0.026586 -0.0202927 -0.0145249 -0.00988781 -0.00598048 -0.00330988 -0.00132983 -0.000415164 0.000100579 -9.42053e-06 
-8.60521e-05 -0.00143584 -0.00428118 -0.00781238 -0.0123771 -0.017193 -0.0226572 -0.0280608 -0.0338149 -0.0392846 -0.04485 -0.0499451 -0.0548885 -0.0591885 -0.063089 -0.0661866 -0.0686508 -0.0701854 -0.0708939 -0.0706085 -0.0693802 -0.0671888 -0.0640476 -0.0600972 -0.0553233 -0.0500263 -0.0441631 -0.0381732 -0.0319668 -0.0260785 -0.0203414 -0.0153236 -0.010749 -0.00715753 -0.0041459 -0.00217842 -0.000729325 -0.000159147 0.000159469 -1.59227e-05 
-6.06567e-05 -0.00110732 -0.0033795 -0.00623731 -0.00998615 -0.0139725 -0.0185335 -0.023058 -0.0278937 -0.0324841 -0.0371541 -0.0414045 -0.0455128 -0.0490448 -0.0522192 -0.0546812 -0.05659 -0.0576876 -0.0580797 -0.0576235 -0.056381 -0.0543397 -0.0515278 -0.0480717 -0.0439704 -0.0394853 -0.0345815 -0.0296342 -0.0245583 -0.0198042 -0.0152122 -0.0112583 -0.0076854 -0.00494676 -0.00267718 -0.00127032 -0.00025854 4.73463e-05 0.000200353 -1.54602e-05 
-4.61991e-05 -0.000814931 -0.00258785 -0.00482606 -0.00784376 -0.0110603 -0.0148039 -0.018514 -0.0225211 -0.0263072 -0.0301806 -0.0336755 -0.0370576 -0.039924 -0.042488 -0.0444241 -0.0458916 -0.0466584 -0.046834 -0.0462948 -0.0451072 -0.043268 -0.0408066 -0.0378446 -0.0343759 -0.0306406 -0.0265914 -0.022566 -0.0184616 -0.0146808 -0.0110467 -0.00798584 -0.00523227 -0.00319796 -0.00152211 -0.00057222 0.000100773 0.000193865 0.000229662 -2.00425e-05 
-2.93365e-05 -0.000566242 -0.00188822 -0.00358349 -0.00593319 -0.00846238 -0.0114545 -0.0144338 -0.0176826 -0.0207523 -0.0239074 -0.0267407 -0.0294836 -0.0317831 -0.033829 -0.0353367 -0.0364527 -0.0369751 -0.0370093 -0.0364493 -0.0353635 -0.0337505 -0.0316447 -0.0291516 -0.0262704 -0.0232062 -0.0199166 -0.0166873 -0.0134224 -0.0104606 -0.00763785 -0.00531333 -0.00324454 -0.00178031 -0.000597052 -8.92783e-06 0.00038263 0.000314771 0.000248761 -1.86383e-05 
-2.1426e-05 -0.000352884 -0.00129626 -0.00250799 -0.00427769 -0.00618713 -0.008517 -0.0108351 -0.0134143 -0.0158403 -0.0183667 -0.0206159 -0.0228103 -0.0246232 -0.0262391 -0.0273962 -0.0282386 -0.0285829 -0.0285337 -0.027997 -0.0270397 -0.0256637 -0.0238994 -0.021845 -0.0194918 -0.0170262 -0.0143946 -0.0118548 -0.00929848 -0.00703102 -0.00487918 -0.00316927 -0.00165642 -0.000662603 0.000129034 0.000421314 0.00059696 0.00039815 0.000262431 -2.15932e-05 
-1.11106e-05 -0.000178593 -0.000790362 -0.00159277 -0.00284771 -0.00421978 -0.00595591 -0.00769485 -0.00967286 -0.0115357 -0.0135027 -0.0152468 -0.0169619 -0.0183638 -0.0196156 -0.0204891 -0.0211144 -0.0213319 -0.0212381 -0.0207512 -0.0199349 -0.0187901 -0.017347 -0.0156885 -0.0138081 -0.0118631 -0.00980445 -0.00784942 -0.00589819 -0.00420842 -0.00262201 -0.00141517 -0.000367122 0.000247915 0.000712832 0.000772349 0.00076603 0.000469788 0.000270358 -1.94905e-05 
-7.84532e-06 -3.45116e-05 -0.000378728 -0.000827925 -0.00165032 -0.00255127 -0.00377819 -0.00500495 -0.00646332 -0.00782854 -0.0093132 -0.0106155 -0.011923 -0.012973 -0.0139233 -0.014564 -0.0150207 -0.0151475 -0.015037 -0.014615 -0.0139407 -0.0130156 -0.0118637 -0.0105606 -0.0090921 -0.00760084 -0.00602889 -0.00457329 -0.00312637 -0.00192283 -0.000800024 -1.2057e-05 0.000661071 0.00096318 0.00117012 0.0010383 0.000894083 0.00051732 0.000276123 -2.12218e-05 
-2.04288e-06 7.77581e-05 -3.90267e-05 -0.000200373 -0.00064977 -0.0011549 -0.00193657 -0.00272595 -0.00372689 -0.00466484 -0.00572563 -0.00665035 -0.00760318 -0.00835688 -0.00905065 -0.00950187 -0.00982268 -0.0098853 -0.00977348 -0.00942135 -0.00888292 -0.0081573 -0.00726658 -0.00627334 -0.0051643 -0.00405912 -0.00290451 -0.00186645 -0.000846714 -4.37374e-05 0.000689494 0.0011371 0.00149632 0.0015482 0.00153856 0.00125771 0.000995352 0.000560308 0.000278443 -1.87294e-05 
-1.67473e-06 0.000166587 0.000224616 0.000303432 0.000155971 -1.22693e-05 -0.000423562 -0.000835506 -0.00145039 -0.00201747 -0.00271895 -0.00331668 -0.00397037 -0.00447041 -0.00495141 -0.00524487 -0.00545832 -0.00547397 -0.00537069 -0.00508766 -0.0046734 -0.00412663 -0.00346316 -0.00273961 -0.00193594 -0.0011609 -0.000354809 0.000330791 0.000998915 0.00146704 0.00188402 0.00204917 0.0021576 0.0020029 0.00182432 0.00142064 0.0010707 0.000586802 0.000280095 -1.96362e-05 
1.30557e-06 0.00023133 0.000433158 0.000698635 0.000803518 0.000907972 0.000811862 0.000712745 0.00043041 0.000174645 -0.000215634 -0.000537841 -0.000932758 -0.00122011 -0.00151865 -0.00168226 -0.00180606 -0.00178692 -0.00169477 -0.00147518 -0.00117102 -0.000778808 -0.00031196 0.000183449 0.000726442 0.00122627 0.00173769 0.00213309 0.00250593 0.00270159 0.00285402 0.00279232 0.00269101 0.00237336 0.00205252 0.00155524 0.00112925 0.000611977 0.000279349 -1.7036e-05 
1.21439e-07 0.000279319 0.000584245 0.000999121 0.0012987 0.00162729 0.00178369 0.0019469 0.00193703 0.00194565 0.00181349 0.00172664 0.00154724 0.0014415 0.00129428 0.00124065 0.00118962 0.00123678 0.00131684 0.00148064 0.00169041 0.0019502 0.00225199 0.00255424 0.00288125 0.00315017 0.00342021 0.00357396 0.00370766 0.00367785 0.00361883 0.00337039 0.00310442 0.0026532 0.00222405 0.00165011 0.00117018 0.000624884 0.000278474 -1.74496e-05 
1.50746e-06 0.000310175 0.000696289 0.00121938 0.00167542 0.0021766 0.00254094 0.00291332 0.00313204 0.00335606 0.00344321 0.00355057 0.00355572 0.00360075 0.00358377 0.00362149 0.00363362 0.00370378 0.00377465 0.00389187 0.00402277 0.00417306 0.00433675 0.0044805 0.00462731 0.00470827 0.00477757 0.00473635 0.00467169 0.00446192 0.0042277 0.00383241 0.00342977 0.00287608 0.00235617 0.00172648 0.00119951 0.000637629 0.000275629 -1.4953e-05 
-3.20473e-07 0.000329986 0.000767362 0.00137169 0.00193993 0.00257631 0.0030987 0.00363999 0.00403859 0.00444027 0.00470382 0.00497371 0.00512938 0.00530192 0.00539212 0.00550798 0.00557257 0.00566358 0.00572758 0.00580736 0.00587448 0.00593492 0.00598698 0.00600048 0.00600234 0.0059292 0.00583822 0.00563774 0.00541633 0.00506021 0.00468961 0.00417554 0.00366906 0.00303305 0.00244731 0.00177319 0.00121586 0.000640562 0.000272766 -1.51141e-05 
2.72497e-07 0.000338308 0.000812908 0.00146848 0.00212155 0.00285389 0.00350057 0.00416899 0.00471316 0.00525344 0.00566284 0.00606258 0.00634485 0.00662109 0.00680306 0.00698367 0.00709492 0.00720458 0.00726588 0.00731716 0.00733414 0.00732382 0.00728592 0.00719646 0.00708072 0.00688611 0.00666485 0.00633977 0.00599093 0.00552175 0.00504027 0.00443642 0.00384541 0.00314973 0.00250995 0.00180688 0.00122346 0.000643605 0.00026813 -1.28526e-05 
-1.65471e-06 0.000340009 0.000830802 0.00151957 0.00222514 0.0030265 0.00375959 0.00452478 0.00517651 0.00582617 0.00634749 0.00685242 0.00723442 0.00759654 0.00785243 0.00808821 0.00823836 0.00836595 0.00842713 0.00845786 0.00843703 0.00837159 0.00826438 0.0080935 0.00788695 0.00759597 0.00727466 0.00685086 0.00640533 0.00584706 0.00528328 0.0046094 0.00395813 0.00321681 0.00254172 0.00181745 0.00122091 0.000638479 0.000263455 -1.2916e-05 
-1.38186e-06 0.000334476 0.000833588 0.00153483 0.00227483 0.00311687 0.0039124 0.00474299 0.00547682 0.00620576 0.0068157 0.00740028 0.00786361 0.00829294 0.00861098 0.00889152 0.00907637 0.00922028 0.0092848 0.00930195 0.00925381 0.00914779 0.00898751 0.00875566 0.00847838 0.00811517 0.00771543 0.00721833 0.00669692 0.00607388 0.00544567 0.00472299 0.00402481 0.0032546 0.00255219 0.00181845 0.00121145 0.000633494 0.000257165 -1.09521e-05 
-3.12492e-06 0.000325505 0.000818763 0.00152154 0.00227346 0.00313812 0.00396863 0.00484303 0.00563043 0.00641703 0.00708949 0.00773498 0.00825861 0.00874138 0.0091074 0.00942519 0.00963834 0.00979782 0.00986725 0.00987658 0.00981012 0.00967492 0.00947674 0.00919954 0.00887118 0.00845374 0.0079977 0.00744572 0.00687096 0.00620006 0.00552846 0.00477083 0.00404383 0.00325451 0.00253903 0.00180113 0.00119393 0.000621662 0.000250827 -1.10037e-05 
-2.92327e-06 0.00031232 0.000796307 0.00148707 0.00224018 0.00310804 0.00395776 0.00485354 0.00567669 0.00649862 0.0072166 0.00790352 0.00847356 0.00899516 0.00939998 0.00974654 0.00998437 0.0101576 0.010234 0.0102401 0.0101626 0.0100085 0.00978378 0.00947583 0.00911048 0.00865617 0.00815895 0.0075704 0.00695675 0.0062556 0.00555295 0.00477586 0.00402916 0.00323314 0.00250993 0.00177682 0.00117097 0.00061004 0.000243072 -9.34898e-06 
-4.36576e-06 0.000297834 0.000763393 0.00143644 0.00217581 0.00303585 0.00388579 0.0047886 0.00562699 0.00646908 0.00721314 0.00792776 0.00852804 0.00907799 0.00951028 0.0098795 0.0101364 0.0103221 0.0104058 0.0104123 0.0103295 0.0101641 0.00992347 0.00959547 0.00920704 0.00872827 0.0082057 0.00759329 0.00695704 0.00623731 0.00551899 0.00473199 0.00397902 0.003183 0.00246291 0.00173814 0.00114174 0.000592782 0.000235312 -9.42606e-06 
-4.12478e-06 0.000281168 0.000727862 0.0013749 0.00209519 0.00293486 0.00377565 0.00467027 0.00551231 0.00635872 0.0071171 0.00784504 0.00846549 0.00903252 0.00948522 0.00987009 0.0101428 0.0103388 0.0104305 0.0104398 0.0103563 0.0101863 0.00993709 0.009599 0.00919686 0.00870567 0.00816788 0.00754448 0.00689533 0.00616954 0.00544381 0.00465805 0.00390486 0.00311794 0.00240436 0.00169468 0.00110846 0.000575911 0.000226377 -8.06005e-06 
-5.24606e-06 0.000264533 0.000686705 0.00130563 0.00199749 0.00281094 0.0036301 0.00450784 0.00533943 0.00618021 0.00693899 0.00767069 0.0082992 0.00887558 0.00933975 0.00973534 0.0100189 0.0102235 0.0103226 0.0103364 0.0102555 0.0100856 0.00983462 0.00949327 0.00908685 0.00859136 0.00804936 0.0074234 0.00677286 0.00604878 0.0053267 0.00454854 0.00380497 0.00303154 0.00233263 0.00164026 0.00107052 0.000554549 0.000217528 -8.16958e-06 
-4.93296e-06 0.000247011 0.000646044 0.00123222 0.00189396 0.00267368 0.00346653 0.00431766 0.00513202 0.0059565 0.00670813 0.00743341 0.00806304 0.00864036 0.00911073 0.00951138 0.00980288 0.0100137 0.0101199 0.0101392 0.0100632 0.00989726 0.00964896 0.00931072 0.00890582 0.00841404 0.0078742 0.00725443 0.00660867 0.00589497 0.00518175 0.00441904 0.00368882 0.00293544 0.00225312 0.00158302 0.00102983 0.000533827 0.000207771 -7.0553e-06 
-5.76062e-06 0.000230271 0.00060284 0.00115645 0.00178261 0.0025263 0.00328512 0.0041051 0.00489303 0.00569526 0.00643019 0.00714282 0.00776486 0.00833767 0.00880739 0.00920923 0.00950443 0.00971968 0.00983169 0.00985678 0.00978724 0.00962774 0.00938621 0.00905506 0.00865776 0.00817463 0.00764433 0.00703597 0.00640292 0.00570445 0.00500789 0.00426458 0.00355481 0.00282413 0.00216442 0.00151779 0.00098594 0.000509663 0.00019821 -7.18852e-06 
-5.38163e-06 0.000213408 0.000561857 0.00108065 0.00167184 0.00237547 0.00309876 0.00388186 0.00464006 0.0054133 0.0061272 0.00682034 0.00743036 0.00799266 0.00845802 0.00885663 0.00915311 0.00937044 0.00948743 0.00951825 0.00945601 0.00930491 0.00907238 0.00875209 0.00836558 0.00789611 0.00737901 0.00678775 0.00617097 0.0054935 0.00481658 0.00409804 0.00341072 0.00270729 0.00207102 0.00145138 0.000940436 0.000486394 0.000187998 -6.28425e-06 
-5.96298e-06 0.000197677 0.00052015 0.00100561 0.00155891 0.00222243 0.00290578 0.00365028 0.00437309 0.00511431 0.00580096 0.00647093 0.00706291 0.0076111 0.00806705 0.00845957 0.00875382 0.00897153 0.00909188 0.00912806 0.00907347 0.00893171 0.00871034 0.0084029 0.00803085 0.00757773 0.00707853 0.00650731 0.00591204 0.00525834 0.00460638 0.0039148 0.00325493 0.00258013 0.00197164 0.00137941 0.00089295 0.000460585 0.000178079 -6.42701e-06 
-5.54142e-06 0.000182216 0.00048141 0.000932728 0.00145 0.00207163 0.0027155 0.00341841 0.0041049 0.00481018 0.00546758 0.00611008 0.00668153 0.00721155 0.00765568 0.00803882 0.00832899 0.00854497 0.00866766 0.00870852 0.00866149 0.00852979 0.00832037 0.00802772 0.00767157 0.00723767 0.00675812 0.00621038 0.00563836 0.00501208 0.00438647 0.00372534 0.0030937 0.00245058 0.0018699 0.00130751 0.000844737 0.000435848 0.000167724 -5.69435e-06 
-5.92873e-06 0.000167965 0.000442879 0.000862111 0.00134198 0.00192293 0.00252503 0.00318639 0.00383334 0.00450161 0.00512592 0.00573913 0.00628607 0.00679579 0.0072245 0.00759629 0.00787962 0.0080924 0.00821582 0.0082606 0.00822081 0.00809917 0.00790262 0.00762544 0.00728718 0.00687366 0.00641658 0.00589371 0.00534827 0.0047507 0.00415496 0.00352527 0.00292528 0.00231432 0.00176454 0.00123186 0.00079543 0.000409276 0.000157722 -5.83422e-06 
-5.4947e-06 0.000154119 0.000407372 0.000794459 0.00123929 0.00177906 0.00234091 0.00295947 0.00356736 0.00419664 0.00478742 0.00536887 0.00589022 0.00637705 0.00678898 0.0071471 0.00742227 0.00763014 0.00775329 0.00780106 0.00776795 0.00765632 0.00747254 0.00721161 0.00689152 0.00649982 0.00606571 0.00556959 0.00505124 0.00448451 0.00391897 0.00332285 0.0027545 0.00217766 0.00165831 0.00115699 0.00074594 0.000383802 0.000147428 -5.24379e-06 
-5.73989e-06 0.000141379 0.000372381 0.00072944 0.00113865 0.00163897 0.00215953 0.00273625 0.00330341 0.00389381 0.00444886 0.00499792 0.0054912 0.00595404 0.00634674 0.00668992 0.00695486 0.00715663 0.00727805 0.00732794 0.00730085 0.00719875 0.00702793 0.00678315 0.00648218 0.00611252 0.00570295 0.00523397 0.00474472 0.00420922 0.00367613 0.00311381 0.0025794 0.00203662 0.00154991 0.00107955 0.000695854 0.000356959 0.000137486 -5.3753e-06 
-5.32846e-06 0.000128989 0.000339982 0.000667206 0.00104309 0.00150409 0.00198524 0.00251984 0.00304748 0.00359821 0.004118 0.00463344 0.00509846 0.00553582 0.00590866 0.00623536 0.00648921 0.00668357 0.00680239 0.00685346 0.00683165 0.00673864 0.00658022 0.00635167 0.00606945 0.00572238 0.00533711 0.00489617 0.00443579 0.00393265 0.0034317 0.0029044 0.00240348 0.00189598 0.00144124 0.00100296 0.000645709 0.000331034 0.0001273 -4.91169e-06 
-5.48506e-06 0.000117473 0.00030796 0.000607169 0.000949428 0.00137281 0.00181409 0.00230787 0.00279517 0.00330692 0.00379023 0.0042721 0.00470734 0.00511874 0.00547008 0.00577951 0.00602072 0.00620675 0.00632175 0.00637315 0.00635587 0.00627128 0.00612508 0.00591233 0.00564923 0.00532449 0.00496437 0.00455135 0.00412108 0.00365018 0.00318285 0.00269041 0.00222456 0.00175207 0.00133092 0.000924275 0.000595049 0.000303945 0.000117393 -5.04175e-06 
-5.1422e-06 0.000106094 0.000277717 0.000549001 0.000859498 0.00124552 0.00164869 0.00210178 0.00255015 0.00302276 0.00347046 0.00391825 0.004324 0.00470862 0.00503824 0.00532941 0.00555745 0.00573414 0.00584461 0.0058955 0.00588201 0.00580529 0.0056706 0.00547342 0.00522883 0.00492652 0.00459099 0.00420624 0.00380553 0.00336744 0.00293316 0.00247628 0.00204491 0.00160822 0.00122002 0.000845879 0.00054399 0.000277338 0.000107174 -4.71079e-06 
-5.27505e-06 9.52691e-05 0.000247402 0.000492058 0.000770424 0.00112044 0.0014852 0.00189876 0.00230773 0.00274195 0.00315326 0.0035672 0.0039424 0.0043 0.00460668 0.00487899 0.00509262 0.00525923 0.00536413 0.00541377 0.00540336 0.00533388 0.00521046 0.00502838 0.0048025 0.00452231 0.00421197 0.00385529 0.00348504 0.00307959 0.00267946 0.00225794 0.00186227 0.00146112 0.00110721 0.000765272 0.000492113 0.000249527 9.70806e-05 -4.86788e-06 
-5.07398e-06 8.42249e-05 0.000217756 0.00043555 0.000682993 0.00099709 0.00132479 0.001699 0.00206976 0.00246561 0.00284135 0.00322117 0.00356616 0.00389616 0.00417979 0.00443246 0.00463125 0.00478695 0.00488567 0.00493333 0.00492538 0.00486263 0.00474989 0.00458269 0.00437499 0.00411698 0.00383137 0.00350302 0.00316277 0.00279035 0.00242389 0.00203824 0.00167778 0.00131281 0.000992742 0.000683809 0.000439065 0.000221491 8.64718e-05 -4.71139e-06 
-5.2807e-06 7.33681e-05 0.000187447 0.000379092 0.000595037 0.000874063 0.00116425 0.00149985 0.00183183 0.00218969 0.00252902 0.00287464 0.00318828 0.00349019 0.0037495 0.0039818 0.00416453 0.00430852 0.0044001 0.00444511 0.00443905 0.0043826 0.00428047 0.00412799 0.00393889 0.00370313 0.00344304 0.00314322 0.00283403 0.00249485 0.00216323 0.00181354 0.00148949 0.00116069 0.000875702 0.000599712 0.000384693 0.000192055 7.57798e-05 -4.96473e-06 
-5.3548e-06 6.18203e-05 0.000156555 0.000321469 0.000506467 0.00075025 0.00100374 0.00130065 0.00159454 0.00191416 0.00221738 0.00252823 0.0028104 0.00308338 0.00331789 0.00352886 0.00369488 0.00382628 0.00391007 0.00395179 0.00394715 0.00389671 0.00380492 0.00366726 0.00349673 0.00328364 0.00304917 0.00277852 0.00250049 0.00219526 0.00189847 0.00158545 0.00129768 0.00100572 0.000755671 0.00051342 0.000328174 0.000161511 6.4237e-05 -5.09154e-06 
-5.79898e-06 5.01896e-05 0.000124696 0.000263229 0.000416644 0.000625549 0.000841614 0.00109987 0.00135456 0.00163539 0.00190093 0.00217595 0.00242479 0.00266748 0.00287529 0.00306353 0.00321123 0.0033289 0.00340382 0.00344158 0.00343796 0.00339345 0.00331239 0.00319005 0.00303914 0.00284968 0.00264241 0.00240213 0.00215709 0.00188698 0.00162685 0.00135137 0.00110145 0.000846822 0.000632959 0.0004246 0.000270232 0.000129585 5.2466e-05 -5.58365e-06 
-6.3747e-06 3.74577e-05 9.14195e-05 0.000203005 0.000325065 0.000498778 0.000677628 0.000896632 0.00111183 0.00135277 0.00157975 0.00181735 0.00203153 0.00224212 0.00242175 0.00258558 0.00271362 0.00281628 0.00288143 0.00291457 0.00291168 0.00287318 0.00280318 0.00269696 0.00256657 0.00240211 0.0022233 0.00201507 0.00180436 0.00157107 0.00134868 0.00111217 0.000900741 0.000684418 0.00050695 0.00033317 0.000209798 9.59855e-05 3.95281e-05 -6.20591e-06 
-7.23835e-06 2.50442e-05 5.8497e-05 0.00014391 0.000234469 0.000373026 0.000513482 0.000692021 0.000865346 0.00106401 0.00124917 0.00144629 0.0016222 0.0017975 0.0019456 0.00208223 0.00218802 0.00227374 0.00232764 0.00235537 0.00235303 0.00232099 0.00226321 0.00217471 0.00206717 0.00193023 0.00178304 0.00160993 0.00143709 0.00124368 0.00106241 0.000867386 0.000697061 0.000520529 0.000380928 0.000241986 0.000150025 6.2499e-05 2.68229e-05 -7.11445e-06 
-8.38456e-06 1.20862e-05 2.57478e-05 8.5443e-05 0.000145217 0.000248275 0.000349764 0.000486011 0.000615366 0.000768634 0.000908763 0.00106156 0.00119556 0.00133172 0.00144487 0.00155105 0.00163196 0.00169856 0.00173975 0.00176126 0.00175938 0.00173445 0.00169016 0.0016214 0.00153917 0.00143287 0.00132057 0.00118633 0.00105492 0.000905227 0.000768279 0.000617954 0.000490955 0.0003562 0.00025523 0.000151654 9.05675e-05 2.90077e-05 1.35075e-05 -8.31831e-06 
-8.82775e-06 2.72031e-06 6.53726e-07 3.71435e-05 6.76056e-05 0.000134356 0.000194709 0.0002846 0.000364999 0.000466696 0.000555311 0.000656827 0.000742212 0.000832634 0.000904961 0.000975403 0.00102715 0.00107127 0.00109755 0.00111174 0.0011104 0.00109382 0.00106535 0.00101975 0.000967083 0.000896617 0.000824933 0.000735928 0.000652422 0.000553148 0.000466802 0.000367186 0.000288424 0.000199527 0.000139461 7.22402e-05 4.07671e-05 2.87926e-06 3.65964e-06 -8.836e-06 
-7.14213e-06 -2.86143e-06 -1.29186e-05 1.51244e-06 6.66292e-06 3.41371e-05 5.2608e-05 8.94683e-05 0.000116645 0.000157945 0.000188901 0.000229764 0.000259985 0.000296123 0.000321844 0.000349835 0.000368231 0.000385675 0.000394952 0.000400515 0.000399912 0.000393309 0.000383044 0.000364966 0.000346155 0.000318183 0.000292754 0.000257279 0.000227908 0.00018807 0.000158137 0.000117773 9.13223e-05 5.4878e-05 3.64981e-05 8.74386e-06 3.08051e-06 -1.20552e-05 -2.56655e-06 -7.24564e-06 

