-0.199259 -0.101135 -0.0855993 -0.0421058 -0.0289995 -0.0148835 -0.0103689 -0.00586411 -0.00454849 -0.00295115 -0.00254546 -0.00181739 -0.00162508 -0.00116994 -0.00101267 -0.000654889 -0.000499073 -0.000185938 -3.52732e-05 0.000249828 0.000385165 0.000652901 0.00076813 0.00103912 0.00114173 0.00145999 0.00157371 0.00202513 0.00219031 0.00294588 0.00321407 0.0046811 0.0051162 0.00859675 0.00947655 0.0203129 0.0246273 0.0682447 0.113865 0.23106 
-0.245927 -0.16969 -0.161716 -0.109633 -0.0911213 -0.0705457 -0.0598724 -0.0503183 -0.0442481 -0.0389199 -0.0350515 -0.031488 -0.0286344 -0.0258341 -0.0234452 -0.0209754 -0.0188113 -0.0164886 -0.0144633 -0.0122159 -0.0103118 -0.00809786 -0.00630624 -0.00404886 -0.00232128 0.000156898 0.00194936 0.00500638 0.00710524 0.0114124 0.0141998 0.021064 0.0251799 0.0377101 0.0450901 0.0738541 0.0971004 0.198873 0.310336 0.453082 
-0.129943 -0.175217 -0.193293 -0.163008 -0.148555 -0.125304 -0.113155 -0.0990358 -0.0907812 -0.0816954 -0.0756905 -0.0690318 -0.0640956 -0.0585319 -0.0540426 -0.0489318 -0.0446129 -0.039669 -0.0354396 -0.0305498 -0.0264189 -0.0215139 -0.0174868 -0.0124203 -0.0084052 -0.00281959 0.00147094 0.0083226 0.0134842 0.0230215 0.0301176 0.044996 0.0559471 0.0815587 0.100995 0.151558 0.200593 0.329496 0.437745 0.448706 
-0.0991973 -0.152137 -0.184671 -0.171384 -0.169468 -0.153881 -0.14682 -0.135048 -0.12788 -0.118714 -0.112039 -0.104218 -0.0978448 -0.090587 -0.0842787 -0.077159 -0.0707999 -0.0636357 -0.0572367 -0.0499819 -0.0436188 -0.036241 -0.0299524 -0.0222858 -0.0159456 -0.0075083 -0.000671464 0.00958558 0.0178894 0.0319782 0.0435711 0.0651978 0.0834716 0.119827 0.152497 0.221425 0.294422 0.435956 0.520419 0.4286 
-0.0613524 -0.128881 -0.168645 -0.176822 -0.183839 -0.177324 -0.174594 -0.16555 -0.159874 -0.150808 -0.14411 -0.135241 -0.127985 -0.11908 -0.111346 -0.1022 -0.0940507 -0.0846047 -0.0761849 -0.0664832 -0.0579763 -0.0480439 -0.0395493 -0.0292121 -0.0205792 -0.009232 0.000154121 0.0138681 0.0253898 0.0440664 0.0603536 0.0886264 0.114484 0.160734 0.206257 0.288771 0.37717 0.508484 0.551986 0.37159 
-0.050699 -0.114298 -0.158493 -0.175244 -0.190254 -0.19047 -0.192901 -0.18733 -0.184018 -0.176159 -0.170004 -0.160966 -0.153146 -0.143215 -0.134216 -0.123476 -0.113608 -0.102195 -0.0917897 -0.0799079 -0.0692969 -0.0570886 -0.046466 -0.0338054 -0.0230221 -0.00924046 0.00246951 0.0189684 0.0333925 0.0557172 0.0763068 0.109988 0.142974 0.197685 0.254949 0.348069 0.444479 0.559551 0.561353 0.32704 
-0.0400071 -0.103177 -0.149231 -0.176091 -0.196228 -0.203591 -0.209453 -0.207324 -0.205615 -0.198854 -0.193024 -0.183725 -0.175343 -0.164289 -0.154068 -0.141609 -0.130035 -0.116502 -0.104082 -0.0898541 -0.0770865 -0.0624531 -0.049655 -0.0345726 -0.0216265 -0.00540024 0.00858248 0.0277395 0.0449176 0.0705423 0.0951168 0.133445 0.172835 0.234202 0.300745 0.398579 0.494609 0.584056 0.545595 0.280297 
-0.0376034 -0.0985266 -0.146416 -0.177092 -0.201544 -0.212887 -0.222105 -0.222496 -0.222663 -0.217039 -0.211859 -0.202629 -0.193945 -0.182125 -0.170852 -0.15697 -0.143778 -0.128352 -0.113947 -0.0975541 -0.0826309 -0.0657438 -0.0507744 -0.0334747 -0.0184055 -1.77582e-05 0.0161315 0.0375478 0.0572837 0.0856849 0.113929 0.156273 0.201438 0.268434 0.341938 0.441224 0.531169 0.594293 0.522366 0.245354 
-0.035038 -0.0956163 -0.144472 -0.179677 -0.206698 -0.22223 -0.233479 -0.236457 -0.237769 -0.233333 -0.228503 -0.2194 -0.210343 -0.197797 -0.185489 -0.170193 -0.155413 -0.138065 -0.121686 -0.103071 -0.0859789 -0.0667669 -0.0495964 -0.0300182 -0.0127998 0.00776517 0.0260713 0.049665 0.0718636 0.102776 0.134399 0.180096 0.23014 0.300866 0.378328 0.474185 0.552878 0.587821 0.488792 0.212607 
-0.0352974 -0.0958307 -0.145922 -0.182854 -0.211999 -0.229501 -0.242601 -0.247073 -0.249649 -0.246086 -0.24186 -0.232955 -0.2238 -0.210749 -0.197646 -0.181193 -0.165021 -0.146005 -0.127808 -0.107208 -0.0880685 -0.0667482 -0.0474676 -0.0258072 -0.00650493 0.0160592 0.0364746 0.0620881 0.0866983 0.119981 0.15483 0.203616 0.257806 0.331148 0.409965 0.499691 0.564181 0.573213 0.454384 0.187156 
-0.0353154 -0.0965913 -0.147487 -0.186454 -0.216656 -0.236222 -0.250254 -0.256316 -0.259587 -0.257022 -0.253128 -0.244554 -0.235214 -0.221784 -0.207903 -0.190406 -0.17291 -0.152328 -0.132404 -0.109909 -0.0888148 -0.0654636 -0.0441505 -0.0204693 0.00086556 0.0253811 0.0478793 0.075457 0.10244 0.137941 0.175788 0.227084 0.284395 0.358439 0.435773 0.516 0.564004 0.548808 0.416245 0.163212 
-0.0363746 -0.09855 -0.15032 -0.189944 -0.220941 -0.241202 -0.25605 -0.262853 -0.266908 -0.264977 -0.261621 -0.253325 -0.244048 -0.230357 -0.215951 -0.197616 -0.179043 -0.157142 -0.135726 -0.111599 -0.0887639 -0.0636329 -0.0404651 -0.0149721 0.00827607 0.0346111 0.0591487 0.0886596 0.118018 0.15575 0.196438 0.249959 0.309428 0.382838 0.456324 0.525282 0.556059 0.520164 0.379565 0.143495 
-0.037172 -0.100381 -0.152629 -0.192959 -0.224065 -0.245068 -0.260136 -0.267795 -0.272238 -0.271091 -0.268059 -0.260201 -0.25091 -0.237122 -0.222214 -0.203213 -0.183654 -0.160612 -0.137837 -0.112254 -0.0878257 -0.0610791 -0.0361909 -0.00901953 0.0160482 0.0441168 0.0706544 0.102046 0.133738 0.173542 0.216747 0.271777 0.33216 0.403027 0.470318 0.526078 0.539437 0.485906 0.341881 0.124613 
-0.0382721 -0.10234 -0.154918 -0.195145 -0.226179 -0.247108 -0.262354 -0.2703 -0.275223 -0.27456 -0.272025 -0.264518 -0.255434 -0.241615 -0.226458 -0.20696 -0.186685 -0.162733 -0.138866 -0.112078 -0.086303 -0.0581737 -0.0317653 -0.0030918 0.023669 0.0533894 0.0818837 0.115165 0.149147 0.190966 0.236326 0.292291 0.352346 0.41921 0.47846 0.52028 0.51708 0.449744 0.306334 0.108449 
-0.0390603 -0.103749 -0.156225 -0.196256 -0.226759 -0.247647 -0.2627 -0.271048 -0.276186 -0.27615 -0.273951 -0.266952 -0.25802 -0.244353 -0.228989 -0.209204 -0.188328 -0.163689 -0.138885 -0.111109 -0.0841476 -0.054826 -0.0270327 0.00299938 0.0313658 0.0626474 0.0930471 0.128123 0.164256 0.207763 0.254697 0.310597 0.368878 0.429963 0.479537 0.506808 0.488341 0.410618 0.271056 0.0929352 
-0.0397638 -0.104658 -0.156751 -0.196041 -0.225883 -0.246246 -0.261112 -0.269496 -0.274934 -0.275292 -0.273568 -0.266987 -0.258401 -0.244931 -0.229606 -0.209684 -0.188486 -0.16337 -0.137907 -0.109367 -0.0814636 -0.051141 -0.0221483 0.00911629 0.0389746 0.0717631 0.103989 0.140802 0.178874 0.223759 0.271569 0.326473 0.381567 0.435545 0.474359 0.487431 0.455694 0.371246 0.23822 0.0794914 
-0.0400923 -0.104753 -0.15602 -0.194427 -0.223297 -0.243168 -0.257612 -0.266128 -0.271675 -0.272537 -0.271156 -0.265128 -0.256845 -0.243753 -0.228522 -0.208688 -0.187295 -0.161947 -0.135987 -0.106913 -0.0782233 -0.0470907 -0.0170197 0.0153362 0.0465976 0.0807695 0.114697 0.153012 0.192661 0.238303 0.286078 0.338732 0.38918 0.434688 0.46205 0.461568 0.418852 0.330906 0.206468 0.0667447 
-0.0401129 -0.103996 -0.154109 -0.191247 -0.219061 -0.238148 -0.252191 -0.260592 -0.266304 -0.267481 -0.266535 -0.260969 -0.253144 -0.240454 -0.225538 -0.20592 -0.184597 -0.159203 -0.133015 -0.103601 -0.0743585 -0.0425749 -0.0116046 0.0217309 0.0542511 0.089697 0.125115 0.164675 0.205406 0.251149 0.29787 0.347131 0.391644 0.427861 0.443698 0.431094 0.38008 0.291767 0.177442 0.0557822 
-0.0397188 -0.102307 -0.150858 -0.186592 -0.213142 -0.231477 -0.24496 -0.253306 -0.259024 -0.260578 -0.259942 -0.254928 -0.247512 -0.235375 -0.220819 -0.201623 -0.18049 -0.155287 -0.129025 -0.0995021 -0.0698604 -0.0376268 -0.00589491 0.0282362 0.0618544 0.0983265 0.134927 0.175245 0.216392 0.261307 0.305839 0.350445 0.387911 0.414255 0.418996 0.396001 0.339428 0.253346 0.150107 0.0455934 
-0.0389067 -0.0996305 -0.146311 -0.180372 -0.205609 -0.223011 -0.235951 -0.244057 -0.249799 -0.251556 -0.251271 -0.246703 -0.239795 -0.228203 -0.214176 -0.19549 -0.174773 -0.149912 -0.123823 -0.0943628 -0.0645565 -0.0320391 0.000233044 0.0349825 0.0694333 0.106653 0.143988 0.184521 0.225283 0.268447 0.309668 0.348622 0.378296 0.394825 0.389503 0.358369 0.298997 0.217391 0.125719 0.0370093 
-0.0376912 -0.0960542 -0.140529 -0.172818 -0.196609 -0.213106 -0.225382 -0.233272 -0.238891 -0.240864 -0.240795 -0.236711 -0.230237 -0.219284 -0.205798 -0.18778 -0.167567 -0.143255 -0.117482 -0.0883148 -0.0585181 -0.0259644 0.0066325 0.0416969 0.0766552 0.114159 0.151665 0.191654 0.231129 0.27149 0.308358 0.340799 0.362327 0.369489 0.355576 0.318637 0.258966 0.183457 0.103386 0.02921 
-0.0360434 -0.0915378 -0.133561 -0.163902 -0.186228 -0.201705 -0.213324 -0.220848 -0.226331 -0.228357 -0.228498 -0.22477 -0.21877 -0.208404 -0.195563 -0.178248 -0.158709 -0.135057 -0.10982 -0.0811155 -0.0515904 -0.0192248 0.0133727 0.0484313 0.0834387 0.12072 0.157704 0.196379 0.233633 0.270295 0.301976 0.32749 0.341009 0.339851 0.319199 0.278912 0.221117 0.152854 0.0840309 0.0228296 
-0.0340647 -0.0862926 -0.125624 -0.153964 -0.174746 -0.18923 -0.2001 -0.20726 -0.212473 -0.214532 -0.214744 -0.211368 -0.205741 -0.196 -0.183772 -0.167262 -0.148447 -0.125625 -0.101058 -0.0730582 -0.044026 -0.0121777 0.0200822 0.0546712 0.0892117 0.125604 0.161323 0.197817 0.23198 0.264128 0.290082 0.308571 0.314667 0.306534 0.281145 0.239701 0.185459 0.125009 0.0667901 0.017156 
-0.0317187 -0.0802976 -0.116779 -0.143019 -0.162264 -0.175682 -0.18581 -0.19249 -0.19741 -0.199358 -0.199613 -0.196456 -0.191198 -0.182 -0.170434 -0.15472 -0.136749 -0.11484 -0.091148 -0.064036 -0.0358037 -0.00477831 0.0267048 0.0603609 0.0938237 0.128684 0.162366 0.195943 0.226282 0.253433 0.273475 0.285336 0.284998 0.271562 0.243437 0.202771 0.153272 0.100796 0.0523125 0.0126813 
-0.0291669 -0.0738481 -0.107344 -0.131475 -0.149149 -0.161535 -0.170859 -0.177062 -0.181585 -0.1834 -0.183578 -0.18062 -0.175629 -0.166981 -0.156022 -0.141168 -0.124067 -0.103218 -0.0805349 -0.054569 -0.0274042 0.00240215 0.0326812 0.0648486 0.0966408 0.129277 0.160245 0.190239 0.216264 0.238169 0.252484 0.258404 0.252885 0.235813 0.206742 0.168297 0.124215 0.0794674 0.0397367 0.00876902 
-0.0263657 -0.0669279 -0.0973742 -0.119359 -0.135494 -0.146814 -0.155353 -0.161005 -0.165124 -0.166703 -0.166786 -0.16392 -0.159188 -0.151008 -0.140686 -0.126668 -0.110533 -0.090814 -0.0693364 -0.0447101 -0.0189392 0.00930921 0.037914 0.0681123 0.0976504 0.127516 0.15521 0.181225 0.2027 0.219495 0.228587 0.229575 0.220247 0.201172 0.172638 0.13745 0.0990482 0.0615534 0.0295214 0.00581944 
-0.0235127 -0.0598773 -0.087241 -0.107114 -0.121711 -0.13201 -0.13974 -0.144862 -0.14852 -0.149869 -0.149783 -0.147008 -0.142463 -0.134765 -0.125038 -0.111913 -0.0967702 -0.0783151 -0.0581729 -0.0351335 -0.0110173 0.0152973 0.0418379 0.0695905 0.0964199 0.123051 0.147124 0.168945 0.18593 0.197971 0.202586 0.199723 0.187925 0.168193 0.14129 0.109919 0.0771094 0.046195 0.0208309 0.00326281 
-0.0205484 -0.0526616 -0.0769674 -0.0947437 -0.107858 -0.117133 -0.124095 -0.128659 -0.131883 -0.132952 -0.132715 -0.129976 -0.125637 -0.118375 -0.109282 -0.0970408 -0.0829793 -0.065851 -0.0472152 -0.0259246 -0.00373517 0.0203815 0.0445045 0.0694959 0.093271 0.116436 0.136734 0.154442 0.16722 0.175127 0.176135 0.170556 0.157471 0.138181 0.113631 0.0863174 0.0587823 0.0337159 0.0140206 0.00144706 
-0.017684 -0.0456307 -0.0669363 -0.0826847 -0.0943484 -0.102659 -0.108862 -0.112916 -0.115698 -0.11653 -0.116124 -0.113458 -0.109305 -0.10252 -0.0940531 -0.0827593 -0.0698088 -0.0541201 -0.0370865 -0.0177266 0.00236531 0.0240423 0.0455352 0.0675281 0.0880952 0.107699 0.124296 0.138123 0.147176 0.151633 0.149933 0.142623 0.129214 0.111102 0.0892908 0.0659666 0.0432343 0.0232415 0.00831416 -0.000134505 
-0.0148343 -0.0387088 -0.0571153 -0.0708922 -0.0811767 -0.0885454 -0.094049 -0.0976037 -0.100003 -0.100599 -0.10008 -0.0974838 -0.093569 -0.087256 -0.0794724 -0.0691325 -0.0573693 -0.0431564 -0.0278352 -0.0104817 0.00737092 0.0265128 0.0452453 0.0641942 0.081532 0.0977007 0.110822 0.121198 0.127094 0.128863 0.125283 0.117104 0.104081 0.0876358 0.0686866 0.0491329 0.0306623 0.0150121 0.00402834 -0.00116091 
-0.0122079 -0.0322286 -0.0478664 -0.0597689 -0.0687286 -0.0752229 -0.0800594 -0.0831809 -0.0852247 -0.0856569 -0.0850489 -0.0825909 -0.0789324 -0.0731542 -0.066067 -0.0567419 -0.0461823 -0.0335113 -0.019929 -0.00465236 0.0109352 0.027493 0.0434843 0.0594265 0.0736819 0.0866339 0.096647 0.104046 0.107399 0.107157 0.102413 0.0939954 0.0818376 0.0672725 0.051119 0.0349785 0.0202082 0.00820878 0.00046533 -0.00208198 
-0.00968679 -0.0260593 -0.0390873 -0.0492024 -0.0569198 -0.0625772 -0.0668146 -0.0695328 -0.0712955 -0.0715937 -0.0709736 -0.0686788 -0.0653467 -0.0601169 -0.0537834 -0.0454732 -0.03616 -0.0250164 -0.0131966 4.01105e-05 0.0133748 0.0274363 0.0407758 0.0539029 0.065304 0.075396 0.0827173 0.087679 0.089066 0.0874429 0.0820975 0.0739196 0.0629019 0.0502868 0.0367415 0.0236323 0.0120215 0.00306469 -0.00206089 -0.00259041 
-0.00746856 -0.0205022 -0.0311013 -0.039547 -0.0460898 -0.0509789 -0.0546583 -0.0570423 -0.0585653 -0.0588057 -0.0582137 -0.0561559 -0.0531789 -0.0485571 -0.0429857 -0.0357256 -0.0276395 -0.0180256 -0.00791263 0.00332855 0.0145214 0.0262032 0.037089 0.0476272 0.0564963 0.0640935 0.0691796 0.0721868 0.0721322 0.0696104 0.0640909 0.0564349 0.0466838 0.0359383 0.0247483 0.0142561 0.00530619 -0.00115145 -0.00416768 -0.00308796 
-0.00540166 -0.0153677 -0.0237336 -0.0306175 -0.0360736 -0.0402368 -0.0434222 -0.0455045 -0.0468568 -0.0470731 -0.0465798 -0.0447851 -0.0422225 -0.0382141 -0.0334384 -0.0272012 -0.0203367 -0.0121805 -0.00371558 0.00566207 0.0148429 0.0243571 0.0330124 0.0412744 0.0479431 0.0534603 0.0567322 0.0582539 0.0571854 0.0541693 0.048764 0.041814 0.0333414 0.024339 0.0152223 0.00697132 0.000236054 -0.00418021 -0.00552984 -0.00327523 
-0.0036714 -0.0109238 -0.0172657 -0.0227187 -0.0271623 -0.0306642 -0.0333937 -0.035232 -0.0364483 -0.0367021 -0.0363383 -0.034862 -0.0327281 -0.0293667 -0.0253701 -0.0201518 -0.0144472 -0.00769182 -0.000754345 0.00688409 0.0142465 0.0217984 0.0285003 0.0347781 0.0396026 0.0434007 0.0452561 0.0456603 0.0439313 0.0406899 0.035591 0.0294063 0.0221593 0.0147111 0.00738851 0.00101637 -0.00389184 -0.00666232 -0.00669343 -0.00351543 
-0.00209741 -0.00692893 -0.0114574 -0.0155991 -0.019119 -0.0220012 -0.0243278 -0.0259453 -0.027076 -0.0273862 -0.0271992 -0.0260481 -0.0243736 -0.0216399 -0.0184203 -0.0141602 -0.0095652 -0.00409465 0.00142811 0.00751033 0.0132394 0.0190852 0.0240925 0.0287087 0.0320052 0.0344422 0.0352079 0.0348242 0.0326926 0.029438 0.0247473 0.0193485 0.0132269 0.00715387 0.00135872 -0.00344036 -0.00685565 -0.00830469 -0.00731994 -0.00351503 
-0.000856244 -0.00362425 -0.00655566 -0.0095218 -0.0121947 -0.0145157 -0.0164695 -0.0179064 -0.0189696 -0.0193727 -0.019371 -0.0185707 -0.0173437 -0.0152376 -0.0127487 -0.00940606 -0.00582623 -0.00154577 0.0027151 0.00739853 0.01171 0.01607 0.0196547 0.0228778 0.0249493 0.0263055 0.0262666 0.0253274 0.0229932 0.0198412 0.0156116 0.0109527 0.00584274 0.000948368 -0.00355783 -0.00706421 -0.00926686 -0.00966939 -0.00789752 -0.00360733 
0.000253813 -0.000728409 -0.00226946 -0.00418323 -0.0060961 -0.00789528 -0.00951699 -0.010784 -0.0118079 -0.0123022 -0.0125044 -0.0120369 -0.0112564 -0.00973205 -0.00793988 -0.0054286 -0.00278469 0.000441952 0.00357393 0.00704943 0.0101308 0.013245 0.0156376 0.0177373 0.0188292 0.0193664 0.0187377 0.0174446 0.0150379 0.0120784 0.00831399 0.00434787 0.000124059 -0.00375713 -0.00718892 -0.00962964 -0.010857 -0.0104344 -0.00807739 -0.00350416 
0.00105937 0.00153286 0.00117641 0.000181808 -0.00104722 -0.00237777 -0.00368972 -0.00481126 -0.00579698 -0.00639492 -0.0067869 -0.00664921 -0.00627898 -0.00530805 -0.00414417 -0.00239979 -0.000582308 0.00169891 0.00385695 0.00627839 0.00832655 0.0103861 0.0118105 0.0129937 0.0133283 0.0132345 0.0121964 0.0106759 0.0082937 0.00555586 0.00224452 -0.00110846 -0.00456216 -0.00759604 -0.0101358 -0.0117149 -0.0121616 -0.0110998 -0.00830326 -0.00351617 
0.00177571 0.00346672 0.00410708 0.00391273 0.00328453 0.00238479 0.00135078 0.000373703 -0.000584066 -0.00126721 -0.00184396 -0.00199834 -0.002013 -0.00153154 -0.000941781 0.00013315 0.00121408 0.00268511 0.00399706 0.00553568 0.00671108 0.00791243 0.00854608 0.00901291 0.00875832 0.00820625 0.00688452 0.00524832 0.00294323 0.000452884 -0.00244094 -0.00524451 -0.008042 -0.0103602 -0.012168 -0.0130462 -0.0128763 -0.0113232 -0.00822062 -0.00336061 
0.00222734 0.0048517 0.0063064 0.00678846 0.00668797 0.00616962 0.00539577 0.00454891 0.0036291 0.00286546 0.00213356 0.00170949 0.00136132 0.00139838 0.00149224 0.00197096 0.00242402 0.00318864 0.00379288 0.00457967 0.00504279 0.00553292 0.00554249 0.00543631 0.00474186 0.00384557 0.0023453 0.000652728 -0.00153625 -0.00379025 -0.00630137 -0.00863529 -0.0108737 -0.0126043 -0.0138122 -0.0141335 -0.0134792 -0.0115587 -0.00824046 -0.00333127 
0.00263684 0.00600837 0.00811821 0.00916864 0.00951881 0.00934493 0.0088044 0.00809086 0.0072092 0.00639236 0.00552433 0.00487859 0.00423547 0.00389889 0.00355834 0.0035368 0.00344841 0.00362748 0.00363343 0.0038089 0.00368431 0.00361179 0.00312262 0.00258224 0.0015544 0.0004217 -0.00119017 -0.00288142 -0.00494197 -0.00696209 -0.00913585 -0.0110589 -0.0128299 -0.0140704 -0.0147938 -0.0146691 -0.0136423 -0.0114521 -0.00800671 -0.003151 
0.00282292 0.00671058 0.00932364 0.0108334 0.0115669 0.011691 0.0113672 0.010777 0.00994759 0.00909019 0.00812193 0.00728568 0.00640372 0.00574384 0.00504591 0.00459466 0.00406235 0.00374523 0.00326711 0.00293387 0.00234402 0.00181414 0.000943543 6.20268e-05 -0.0012035 -0.0025083 -0.00417356 -0.00584141 -0.007763 -0.00957484 -0.0114486 -0.0130286 -0.0144067 -0.0152518 -0.0155836 -0.0151132 -0.0138029 -0.0114248 -0.00790705 -0.00310115 
0.00301115 0.0072832 0.0102733 0.0121501 0.0131979 0.0135842 0.0134524 0.0129881 0.0122143 0.0113448 0.0102999 0.00932216 0.00824283 0.00732769 0.00633132 0.0055363 0.00463513 0.00392264 0.0030475 0.00231486 0.00135104 0.00047156 -0.000696169 -0.00182545 -0.0032644 -0.00467545 -0.00636151 -0.00797754 -0.00976576 -0.0113814 -0.0129976 -0.0142817 -0.0153366 -0.0158558 -0.0158777 -0.015137 -0.0136192 -0.0111176 -0.00758697 -0.00291016 
0.00301262 0.00748984 0.0107378 0.0128908 0.0141939 0.0147992 0.0148423 0.014494 0.0137885 0.01292 0.011833 0.0107449 0.0095208 0.0083975 0.0071712 0.00609351 0.00490507 0.00386888 0.00268641 0.00163068 0.000382965 -0.000773748 -0.00215807 -0.00347691 -0.00502888 -0.00651193 -0.00818726 -0.00974767 -0.011404 -0.012851 -0.0142419 -0.0152835 -0.0160698 -0.0163317 -0.016108 -0.0151664 -0.0135004 -0.0109292 -0.00741777 -0.00285028 
0.0030535 0.00765409 0.0110667 0.0134217 0.0149213 0.0157121 0.0159061 0.0156732 0.0150379 0.0141947 0.0130869 0.011932 0.0106003 0.00932799 0.00792228 0.00663372 0.00521862 0.00393889 0.00251503 0.00121861 -0.000248358 -0.00160551 -0.00315114 -0.00459701 -0.00622417 -0.00773866 -0.00938907 -0.0108801 -0.0124162 -0.0137077 -0.0149084 -0.0157428 -0.0163118 -0.0163649 -0.0159528 -0.014861 -0.0130982 -0.0104996 -0.00704843 -0.00265526 
0.00293691 0.00752682 0.011016 0.0135015 0.0151484 0.016086 0.0164133 0.0162843 0.0157273 0.0149187 0.0138185 0.0126225 0.0112273 0.00984497 0.0083162 0.00686554 0.0052885 0.00381968 0.00222247 0.00074012 -0.000881089 -0.00239009 -0.00404203 -0.00557919 -0.0072431 -0.00877171 -0.0103799 -0.0118055 -0.0132267 -0.0143872 -0.0154227 -0.0160903 -0.0164809 -0.0163739 -0.0158175 -0.0146232 -0.012803 -0.0102122 -0.00683873 -0.00259057 
0.00288859 0.0074278 0.0109299 0.0134903 0.015237 0.0162916 0.0167293 0.0167001 0.0162199 0.0154632 0.0143861 0.0131834 0.011754 0.010309 0.00869674 0.00714064 0.00544773 0.00385125 0.00212872 0.000521331 -0.00120939 -0.00281575 -0.00453816 -0.00612423 -0.00780287 -0.00931979 -0.0108808 -0.0122338 -0.0135525 -0.0145928 -0.0154905 -0.0160163 -0.0162655 -0.0160316 -0.0153705 -0.0141074 -0.0122644 -0.00970901 -0.00644199 -0.0023948 
0.00270427 0.00709497 0.0105486 0.0131312 0.0149391 0.0160776 0.0166086 0.0166657 0.0162654 0.0155648 0.014531 0.0133396 0.0119096 0.0104309 0.00877835 0.00715294 0.00539316 0.00370839 0.00191073 0.000216369 -0.00157746 -0.00324915 -0.00500428 -0.00661759 -0.00828592 -0.00978296 -0.0112868 -0.0125737 -0.0137952 -0.0147353 -0.0155135 -0.0159273 -0.016062 -0.0157355 -0.0149994 -0.0136999 -0.0118597 -0.00936235 -0.00620972 -0.00232826 
0.00260915 0.00684367 0.0102101 0.0127759 0.0146088 0.0158066 0.0164097 0.0165467 0.0162211 0.0155868 0.0146051 0.0134496 0.0120392 0.010562 0.00889759 0.0072453 0.0054516 0.00372403 0.00188486 0.00014776 -0.00167895 -0.00337733 -0.0051422 -0.00675349 -0.00839881 -0.00985875 -0.0113045 -0.0125212 -0.0136564 -0.014504 -0.015183 -0.0155019 -0.0155483 -0.0151512 -0.0143674 -0.0130535 -0.0112391 -0.00881731 -0.00579965 -0.00213377 
0.00239259 0.00640019 0.00963945 0.012152 0.0139818 0.0152121 0.0158719 0.0160746 0.0158227 0.0152536 0.0143365 0.0132271 0.0118594 0.0104028 0.00875761 0.00710309 0.00531087 0.00356737 0.00172264 -3.17536e-05 -0.00185865 -0.00356313 -0.00531173 -0.00690815 -0.00851369 -0.00993321 -0.0113148 -0.0124678 -0.0135208 -0.0142913 -0.0148839 -0.0151294 -0.0151056 -0.0146619 -0.0138498 -0.0125432 -0.0107709 -0.00843846 -0.00555714 -0.00206758 
0.00227949 0.00607599 0.00916838 0.0116033 0.0134042 0.0146479 0.015346 0.0156068 0.0154209 0.0149215 0.0140717 0.0130241 0.011711 0.0102992 0.00869153 0.00706485 0.005296 0.00356902 0.00174108 8.61853e-07 -0.00180651 -0.00348983 -0.00520777 -0.00676886 -0.00832752 -0.00969462 -0.0110131 -0.0120993 -0.0130788 -0.0137773 -0.0142984 -0.0144814 -0.0144058 -0.0139295 -0.0131076 -0.011822 -0.0101065 -0.00787421 -0.00514398 -0.00187612 
0.00205401 0.00558755 0.00850928 0.0108434 0.0125964 0.0138331 0.0145568 0.0148621 0.0147382 0.0143039 0.0135273 0.0125451 0.0113009 0.0099446 0.00839503 0.00681124 0.00508996 0.0033964 0.00161006 -0.000100013 -0.00186531 -0.00351491 -0.00518437 -0.00670295 -0.00820333 -0.00951734 -0.0107685 -0.0117939 -0.0127028 -0.0133407 -0.0137986 -0.0139345 -0.0138189 -0.0133264 -0.012507 -0.0112568 -0.00960758 -0.00748314 -0.00490068 -0.0018123 
0.00194113 0.00524353 0.00798882 0.010209 0.0118973 0.0131134 0.0138478 0.0141899 0.0141195 0.0137506 0.0130455 0.0121371 0.0109668 0.00968123 0.00819985 0.00667891 0.00501825 0.00338025 0.00164918 -9.03097e-06 -0.00172023 -0.00331718 -0.00492969 -0.00639144 -0.00782998 -0.00908233 -0.010268 -0.01123 -0.012075 -0.0126552 -0.0130607 -0.0131562 -0.0130132 -0.0125131 -0.0117082 -0.0105012 -0.00892753 -0.00691676 -0.00449258 -0.00162558 
0.00172092 0.00475258 0.00730892 0.00940213 0.0110144 0.0121955 0.0129306 0.0132976 0.0132755 0.0129651 0.0123328 0.0114972 0.0104082 0.00919723 0.00779644 0.00634585 0.0047612 0.00318797 0.00152839 -6.90227e-05 -0.00171115 -0.00324861 -0.00479224 -0.00619382 -0.00756284 -0.00875438 -0.00987166 -0.0107754 -0.0115583 -0.0120894 -0.0124477 -0.0125136 -0.0123506 -0.0118538 -0.0110708 -0.00991601 -0.00842262 -0.00652885 -0.00425623 -0.00156609 
0.00161875 0.00442164 0.00679278 0.00875426 0.0102807 0.0114182 0.0121429 0.0125281 0.0125455 0.0122915 0.0117275 0.010968 0.00996043 0.00883244 0.00751605 0.00614798 0.00464562 0.00315133 0.00157041 4.8105e-05 -0.00151857 -0.0029838 -0.0044543 -0.00578588 -0.00708419 -0.00820885 -0.00925996 -0.0101033 -0.0108294 -0.0113127 -0.0116315 -0.0116716 -0.0114969 -0.0110083 -0.0102548 -0.00915614 -0.00774807 -0.00597366 -0.00385992 -0.00138576 
0.00141152 0.00395335 0.00613418 0.00795826 0.00939341 0.0104779 0.0111851 0.0115787 0.0116304 0.0114251 0.0109279 0.0102402 0.0093166 0.0082708 0.00704506 0.00576147 0.00435016 0.00293835 0.00144586 2.3986e-06 -0.0014795 -0.00286982 -0.00425961 -0.00552052 -0.00674318 -0.00780285 -0.00878588 -0.00957321 -0.0102435 -0.0106856 -0.010968 -0.0109899 -0.0108078 -0.0103346 -0.0096145 -0.00857705 -0.00725585 -0.00560096 -0.00363684 -0.00133237 
0.00132528 0.00365389 0.00565418 0.00734184 0.00868127 0.00970827 0.0103901 0.0107869 0.010865 0.0107054 0.0102688 0.00965312 0.0088102 0.0078502 0.00671453 0.00552186 0.00420303 0.00288191 0.00148025 0.000124413 -0.00127044 -0.00257775 -0.00388564 -0.00506945 -0.00621699 -0.00720751 -0.00812498 -0.0088546 -0.0094734 -0.00987469 -0.0101262 -0.0101316 -0.00994793 -0.00949216 -0.00880998 -0.00783497 -0.00660271 -0.00506722 -0.00325771 -0.00115987 
0.00113448 0.00322136 0.00504045 0.00659093 0.00783344 0.00879748 0.00944973 0.00984205 0.00994194 0.00982035 0.00944157 0.00889184 0.00812912 0.00725107 0.00620749 0.00510388 0.0038815 0.00265061 0.00134482 7.66434e-05 -0.00122603 -0.00245062 -0.00367229 -0.00478028 -0.00584985 -0.00677387 -0.0076247 -0.00830066 -0.00886857 -0.0092341 -0.0094565 -0.00945091 -0.00926773 -0.00883405 -0.00819123 -0.00728115 -0.00613708 -0.00471888 -0.00305287 -0.00111405 
0.001066 0.00296194 0.00461308 0.00603105 0.00717596 0.00807565 0.0086932 0.0090776 0.00919261 0.00910581 0.00877835 0.00829291 0.00760531 0.00680965 0.00585477 0.00484271 0.00371488 0.00257819 0.00136734 0.000191529 -0.00101962 -0.00215688 -0.00329333 -0.00432168 -0.00531509 -0.00617002 -0.00695701 -0.0075781 -0.00809878 -0.00842853 -0.00862591 -0.00860989 -0.00843094 -0.00801983 -0.0074187 -0.00657286 -0.005517 -0.00421423 -0.00269499 -0.000950515 
0.000892398 0.00257038 0.00405524 0.00534302 0.00639198 0.00722491 0.00780575 0.00817656 0.00830311 0.00824425 0.00796466 0.00753693 0.00692216 0.00620338 0.00533647 0.00441173 0.00337917 0.00233355 0.00121936 0.000133407 -0.000984118 -0.00203641 -0.00308575 -0.00403714 -0.00495316 -0.00574226 -0.00646509 -0.00703513 -0.0075091 -0.00780718 -0.00798057 -0.00795797 -0.00778413 -0.00739835 -0.00683882 -0.00605786 -0.00508788 -0.00389682 -0.00251199 -0.000913334 
0.000841486 0.00235334 0.0036869 0.00485129 0.00580612 0.00657314 0.0071144 0.00746969 0.00760246 0.00756865 0.0073308 0.00695824 0.00641046 0.00576712 0.00498321 0.00414568 0.00320443 0.00225093 0.00123025 0.000235979 -0.000790585 -0.00175584 -0.00272066 -0.00359323 -0.00443465 -0.00515659 -0.00581836 -0.00633669 -0.00676726 -0.0070335 -0.00718605 -0.00715681 -0.00699048 -0.00662945 -0.00611237 -0.00539438 -0.00450887 -0.0034265 -0.00217814 -0.000759494 
0.000684371 0.00200315 0.003188 0.00423303 0.00509716 0.00579799 0.00629935 0.00663526 0.00677168 0.0067571 0.00655762 0.00623377 0.00574985 0.00517572 0.0044725 0.00371665 0.00286536 0.00199923 0.00107155 0.000164831 -0.000770781 -0.00165277 -0.00253292 -0.00333034 -0.00409719 -0.00475569 -0.00535673 -0.00582708 -0.00621485 -0.0064528 -0.00658511 -0.00655211 -0.00639338 -0.00605865 -0.00558291 -0.00492728 -0.00412289 -0.00314438 -0.00201931 -0.00073162 
0.000649772 0.00182722 0.00287897 0.00381253 0.0045893 0.00522627 0.00568655 0.00600237 0.00613843 0.00614079 0.00597417 0.00569629 0.00527029 0.00476297 0.00413474 0.00345891 0.00269248 0.00191287 0.00107372 0.000254392 -0.000594234 -0.00139272 -0.00219184 -0.00291374 -0.00360949 -0.00420427 -0.00474794 -0.00517019 -0.00551829 -0.00572785 -0.00584251 -0.00580536 -0.00565581 -0.00534616 -0.00491164 -0.00431569 -0.00359005 -0.00271163 -0.00171113 -0.000587842 
0.000507697 0.00151619 0.00243749 0.00326444 0.00395826 0.0045325 0.00495257 0.00524586 0.00537991 0.00539442 0.00525771 0.00501981 0.00464838 0.00420158 0.00364523 0.00304334 0.00235921 0.00166055 0.000907997 0.000170999 -0.000592054 -0.00131165 -0.00203085 -0.00268154 -0.00330713 -0.00384224 -0.00432945 -0.00470732 -0.00501655 -0.00520091 -0.00529837 -0.00525933 -0.00511863 -0.00483485 -0.00443983 -0.00390212 -0.00325123 -0.00246737 -0.00157777 -0.00056959 
0.000487736 0.00137841 0.00218482 0.00291343 0.00352848 0.00404322 0.00442309 0.00469407 0.00482321 0.0048482 0.00473665 0.00453613 0.00421363 0.00382454 0.00333424 0.00280379 0.00219637 0.00157666 0.000905518 0.000249406 -0.000432805 -0.00107452 -0.00171811 -0.0022983 -0.0028577 -0.00333367 -0.00376799 -0.00410187 -0.00437528 -0.00453455 -0.00461708 -0.00457567 -0.00444487 -0.00418542 -0.00382918 -0.00334658 -0.00276746 -0.00207392 -0.00129602 -0.000435954 
0.000359073 0.00110333 0.00179715 0.00243252 0.00297365 0.00343087 0.00377216 0.00401941 0.00414275 0.00417436 0.00408548 0.00391701 0.0036402 0.00330282 0.00287517 0.00241005 0.00187618 0.00132953 0.000737079 0.000156339 -0.000447316 -0.00101625 -0.00158614 -0.00210051 -0.00259534 -0.00301643 -0.00339922 -0.00369285 -0.00393147 -0.00406865 -0.00413671 -0.00409486 -0.00397343 -0.00373866 -0.00341917 -0.00298975 -0.00247804 -0.00186886 -0.00118872 -0.000427406 
0.000352096 0.00100029 0.00159676 0.00214716 0.00261894 0.00302233 0.00332581 0.00355019 0.00366566 0.00370275 0.00363254 0.0034938 0.00325751 0.002969 0.00259836 0.00219568 0.00172966 0.00125346 0.000734211 0.000226609 -0.000303615 -0.000801602 -0.00130251 -0.00175255 -0.00218707 -0.00255445 -0.00288945 -0.00314365 -0.00335053 -0.00346596 -0.00352167 -0.00347894 -0.00336768 -0.00315593 -0.00287211 -0.00249252 -0.00204487 -0.00151555 -0.000933683 -0.000303844 
0.000235412 0.000758017 0.00125893 0.00172941 0.00213677 0.00248873 0.00275641 0.00295717 0.00306438 0.00310384 0.00305025 0.00293655 0.00273782 0.00249262 0.00217563 0.0018295 0.00142798 0.00101635 0.000567187 0.000127086 -0.000332494 -0.000764816 -0.00119918 -0.00158975 -0.00196605 -0.00228408 -0.00257301 -0.00279154 -0.00296795 -0.00306456 -0.00310846 -0.00306663 -0.00296501 -0.00277642 -0.00252614 -0.00219422 -0.00180612 -0.00135045 -0.000852778 -0.000305017 
0.000240108 0.000686849 0.00110707 0.0015057 0.0018533 0.00215767 0.00239075 0.00256911 0.0026666 0.0027077 0.00266736 0.00257669 0.00241087 0.00220626 0.00193759 0.00164504 0.00130242 0.000952434 0.000567807 0.00019249 -0.000201749 -0.000570813 -0.000943555 -0.0012767 -0.00159924 -0.00186959 -0.0021163 -0.00230035 -0.00244936 -0.00252773 -0.0025619 -0.00252065 -0.00242934 -0.00226229 -0.00204431 -0.00175665 -0.00142454 -0.0010379 -0.000624696 -0.000191493 
0.00013446 0.000475158 0.000816026 0.00114763 0.00144026 0.00169953 0.00190015 0.00205571 0.00214339 0.00218353 0.00215477 0.00208301 0.00194745 0.00177837 0.00155483 0.0013103 0.00102324 0.000729188 0.000405822 8.96889e-05 -0.000242277 -0.000553412 -0.000867306 -0.00114797 -0.00141915 -0.00164625 -0.00185273 -0.00200608 -0.00212915 -0.00219219 -0.00221731 -0.00217838 -0.00209695 -0.00195154 -0.0017638 -0.00151819 -0.00123758 -0.000913633 -0.000570729 -0.000202554 
0.000150114 0.000434171 0.000710278 0.000982674 0.00122491 0.00144289 0.00161243 0.00174658 0.00182341 0.00186217 0.00184211 0.00178754 0.00167808 0.00154198 0.0013586 0.0011591 0.000922181 0.000680926 0.000413272 0.000153256 -0.00012186 -0.00037791 -0.000638056 -0.000868739 -0.00109317 -0.00127907 -0.00144928 -0.00157342 -0.00167366 -0.00172215 -0.00174026 -0.00170346 -0.00163252 -0.00150723 -0.00134846 -0.00114155 -0.000908798 -0.000642863 -0.000370301 -9.92803e-05 
5.53094e-05 0.000252329 0.000464701 0.000682396 0.000878716 0.00105774 0.00119824 0.00131074 0.00137678 0.00141194 0.00139921 0.0013582 0.00127247 0.00116474 0.00101853 0.00085883 0.000668754 0.00047477 0.000259442 4.99806e-05 -0.000171575 -0.00037792 -0.000587364 -0.000773078 -0.000953449 -0.00110262 -0.00123877 -0.00133748 -0.00141648 -0.00145331 -0.00146519 -0.00143226 -0.00137152 -0.0012665 -0.0011348 -0.000964514 -0.000775262 -0.00056104 -0.000344526 -0.000120794 
8.20263e-05 0.000241443 0.000404554 0.000575084 0.000729943 0.000873673 0.000986646 0.001079 0.00113357 0.00116498 0.00115716 0.00112828 0.00106252 0.000980772 0.000866994 0.000744062 0.000595456 0.000445357 0.000276687 0.000114303 -5.9352e-05 -0.000219324 -0.000383443 -0.000527166 -0.000668316 -0.000783216 -0.000889375 -0.000964411 -0.00102528 -0.00105135 -0.00105895 -0.00102972 -0.000979672 -0.000893442 -0.000787478 -0.00065054 -0.00050114 -0.00033395 -0.000173281 -2.84652e-05 
-1.15616e-06 9.04188e-05 0.000205052 0.000332483 0.000449935 0.000560469 0.000647834 0.000719935 0.000763273 0.000789104 0.000785143 0.000765178 0.00071731 0.000657257 0.000573058 0.000481836 0.000371327 0.000259576 0.000133933 1.29104e-05 -0.000116491 -0.000235695 -0.00035792 -0.000464884 -0.000569823 -0.000655064 -0.00073365 -0.000788802 -0.00083321 -0.000851296 -0.000855384 -0.000831471 -0.000791796 -0.000724489 -0.000642503 -0.000537016 -0.000423352 -0.000297103 -0.000177924 -6.16485e-05 
3.76357e-05 0.000110948 0.000191514 0.000283137 0.000367624 0.000448702 0.000512325 0.000566062 0.000598049 0.000618602 0.000616602 0.000604419 0.000570992 0.000530276 0.000470941 0.000408122 0.000330088 0.000252763 0.00016401 8.01663e-05 -1.12236e-05 -9.37547e-05 -0.00018004 -0.000253917 -0.000327946 -0.000386486 -0.000441825 -0.000479093 -0.000510135 -0.000521101 -0.000523342 -0.00050433 -0.000475121 -0.000424947 -0.000365255 -0.000287812 -0.000206125 -0.000116184 -3.81125e-05 1.84171e-05 
-3.22392e-05 -7.37543e-06 3.95051e-05 9.88376e-05 0.000154162 0.000207906 0.00024998 0.000285731 0.000307139 0.000321185 0.000320554 0.000313397 0.00029254 0.000267037 0.000229603 0.000189967 0.000140628 9.17664e-05 3.56394e-05 -1.73341e-05 -7.50997e-05 -0.000127202 -0.000181698 -0.000228275 -0.000274976 -0.000311788 -0.000346611 -0.000369865 -0.000389204 -0.000395615 -0.000396488 -0.000383533 -0.000364044 -0.000330698 -0.000291255 -0.000239864 -0.000186168 -0.000126833 -7.57325e-05 -2.83263e-05 
1.98298e-05 4.52128e-05 7.26487e-05 0.000107165 0.000138507 0.000169689 0.00019333 0.000214197 0.000226057 0.00023478 0.000234324 0.000231389 0.00021978 0.000206877 0.000186212 0.000165699 0.000138581 0.000113143 8.23777e-05 5.47773e-05 2.31604e-05 -3.93636e-06 -3.37584e-05 -5.78767e-05 -8.3472e-05 -0.000102359 -0.000121522 -0.00013314 -0.00014389 -0.000146419 -0.000147043 -0.000138984 -0.000128264 -0.000108814 -8.67119e-05 -5.691e-05 -2.66387e-05 7.01845e-06 3.15009e-05 3.81256e-05 
-3.59408e-05 -4.15078e-05 -3.38517e-05 -2.06319e-05 -8.67041e-06 3.35978e-06 1.2245e-05 2.01292e-05 2.45155e-05 2.77883e-05 2.76263e-05 2.65954e-05 2.2386e-05 1.77308e-05 1.027e-05 2.87768e-06 -6.87935e-06 -1.6024e-05 -2.70634e-05 -3.69621e-05 -4.82855e-05 -5.79854e-05 -6.86564e-05 -7.72797e-05 -8.6443e-05 -9.31924e-05 -0.000100071 -0.000104217 -0.0001081 -0.000108972 -0.000109215 -0.000106209 -0.00010229 -9.49734e-05 -8.67095e-05 -7.52014e-05 -6.35213e-05 -4.9773e-05 -3.84066e-05 -2.3137e-05 
2.59373e-05 3.57313e-05 3.82256e-05 4.02134e-05 4.1295e-05 4.25853e-05 4.30862e-05 4.39078e-05 4.39608e-05 4.44681e-05 4.4193e-05 4.44887e-05 4.39731e-05 4.41274e-05 4.34426e-05 4.351e-05 4.27191e-05 4.27444e-05 4.19035e-05 4.1922e-05 4.10794e-05 4.11175e-05 4.03136e-05 4.03906e-05 3.96597e-05 3.97913e-05 3.91665e-05 3.93716e-05 3.88907e-05 3.92011e-05 3.89181e-05 3.93938e-05 3.93953e-05 4.01493e-05 4.05754e-05 4.17837e-05 4.27222e-05 4.41259e-05 4.32162e-05 3.29492e-05 

