0.0803612 0.123188 0.120602 
0.0907985 0.112908 0.110976 
0.101577 0.111168 0.110439 
0.111366 0.147836 0.145641 
0.118927 0.197677 0.20156 
0.116468 0.151287 0.161138 
0.09741 0.102688 0.0997264 
0.0723236 0.149688 0.141585 
0.065239 0.186578 0.186524 
0.0806912 0.156159 0.158116 
0.0907059 0.10706 0.101999 
0.0852117 0.0986306 0.0885831 
0.0721014 0.100346 0.0846601 
0.061662 0.0921574 0.0789218 
0.0554795 0.0813744 0.071769 
0.0515593 0.0713734 0.0652393 
0.0483525 0.0636526 0.059974 
0.0448061 0.0586741 0.0563364 
0.0405738 0.0548847 0.0531226 
0.0361613 0.0513532 0.0496772 
0.0326528 0.0474206 0.0455814 
0.0309905 0.0426982 0.0406875 
0.0311296 0.0372471 0.0351893 
0.0321178 0.0315718 0.0296565 
0.0329955 0.0262543 0.0247041 
0.0332718 0.0217365 0.020736 
0.0327984 0.0183647 0.0179842 
0.0315578 0.0165655 0.0166337 
0.0296089 0.0165024 0.016666 
0.0271122 0.0176251 0.017626 
0.0243237 0.0190794 0.0188577 
0.0215375 0.0202529 0.0198594 
0.018998 0.0208894 0.0203979 
0.0168251 0.0210122 0.0204762 
0.0150009 0.0207955 0.0202406 
0.0134268 0.0204241 0.01986 
0.0120062 0.0200064 0.0194387 
0.0107043 0.0195599 0.0189963 
0.00957542 0.0190411 0.0184913 
0.00876151 0.0183809 0.0178552 
0.00844262 0.017511 0.017018 
0.00872062 0.0163778 0.015923 
0.00952377 0.0149475 0.0145333 
0.0106477 0.0132088 0.0128344 
0.0118596 0.0111779 0.0108398 
0.0129546 0.00891252 0.0086016 
0.0137703 0.00654204 0.0062332 
0.0141933 0.00435642 0.00398186 
0.0141681 0.00310823 0.00257277 
0.0137027 0.00367922 0.00316076 
0.0128639 0.00516603 0.00473491 
0.0117599 0.00663427 0.00626415 
0.0105151 0.00780573 0.00749478 
0.0092431 0.00863157 0.0083869 
0.00802737 0.00914676 0.0089719 
0.00691389 0.00941674 0.00930679 
0.00591811 0.0095078 0.00944972 
0.00504281 0.00947037 0.0094464 
0.00430033 0.00933344 0.00932547 
0.00373145 0.00910703 0.00910011 
0.00340721 0.00878872 0.00877284 
0.00338985 0.00837065 0.00834086 
0.00366776 0.00784496 0.00780055 
0.00415135 0.00720763 0.00715093 
0.00473211 0.00646108 0.0063964 
0.00532059 0.00561647 0.0055492 
0.00585072 0.00469632 0.00463222 
0.00627477 0.00373906 0.00368369 
0.00655976 0.00281059 0.00276859 
0.00668624 0.00203874 0.0020121 
0.00664775 0.00167069 0.00165304 
0.00645008 0.00187998 0.00185434 
0.00610952 0.00242365 0.00237982 
0.00565009 0.00302852 0.00296491 
0.0051002 0.00357631 0.00349427 
0.00448929 0.00402409 0.00392595 
0.00384529 0.0043594 0.00424784 
0.00319336 0.00458359 0.00446136 
0.00255686 0.00470428 0.00457408 
0.00196199 0.00473118 0.0045956 
0.00145068 0.00467372 0.00453524 
0.00110889 0.00454005 0.00440104 
0.00106011 0.00433696 0.00419961 
0.00129043 0.00407032 0.00393669 
0.0016471 0.00374596 0.00361789 
0.00202701 0.00337044 0.00324962 
0.00238353 0.00295181 0.00283978 
0.00269347 0.00250038 0.00239863 
0.00294322 0.00202962 0.00193975 
0.00312431 0.00155841 0.00148269 
0.00323198 0.00111822 0.00106116 
0.00326473 0.000778087 0.00075065 
0.00322403 0.000680949 0.000692864 
0.00311407 0.000866447 0.00089616 
0.00294135 0.00116599 0.00119554 
0.00271415 0.00147176 0.00149651 
0.00244196 0.00174504 0.0017646 
0.00213491 0.00197086 0.00198602 
0.0018033 0.00214317 0.00215506 
0.00145736 0.0022603 0.00227009 
0.0011074 0.00232315 0.0023319 
0.000765311 0.00233422 0.00234284 
0.000452636 0.00229706 0.00230627 
0.000258738 0.00221589 0.00222623 
0.000373499 0.00209537 0.00210723 
0.000615741 0.00194054 0.00195418 
0.000857768 0.00175675 0.0017723 
0.00107553 0.00154971 0.00156722 
0.00126132 0.00132567 0.00134503 
0.00141137 0.00109165 0.00111256 
0.00152371 0.000856227 0.000878004 
0.00159756 0.000631861 0.00065283 
0.00163321 0.00044274 0.000458293 
0.00163192 0.000343795 0.00034317 
0.00159582 0.000388368 0.000367621 
0.00152778 0.000521121 0.000490489 
0.00143135 0.000673393 0.00063865 
0.00131053 0.000817267 0.000780467 
0.00116967 0.000942086 0.000904126 
0.00101334 0.00104318 0.00100457 
0.000846178 0.00111848 0.00107957 
0.000672932 0.00116737 0.00112843 
0.000498659 0.00119019 0.00115143 
0.000329917 0.00118796 0.00114956 
0.000182055 0.00116224 0.00112436 
0.000128302 0.00111499 0.00107781 
0.000223289 0.00104853 0.00101221 
0.000348852 0.00096544 0.000930147 
0.000467809 0.000868531 0.000834469 
0.000572567 0.000760846 0.000728236 
0.000660252 0.000645676 0.000614779 
0.000729433 0.000526698 0.000497856 
0.00077944 0.000408402 0.000382172 
0.000810168 0.000297491 0.000275116 
0.000821993 0.000207609 0.000192594 
0.000815714 0.000168863 0.000167474 
0.000792504 0.000201169 0.000210328 
0.00075386 0.00027036 0.000282565 
0.000701546 0.00034582 0.00035804 
0.000637533 0.000415824 0.00042711 
0.000563944 0.000475781 0.000485875 
0.000482994 0.000523611 0.000532521 
0.000396956 0.00055837 0.000566224 
0.000308145 0.000579771 0.000586761 
0.00021902 0.000587992 0.000594338 
0.000132816 0.00058356 0.000589496 
5.96051e-05 0.000567292 0.000573048 
6.37982e-05 0.000540238 0.000546031 
0.000128871 0.00050364 0.000509668 
0.000194815 0.0004589 0.000465333 
0.000254162 0.000407548 0.000414527 
0.000305054 0.000351239 0.000358865 
0.000346621 0.000291766 0.000300096 
0.000378418 0.000231178 0.0002402 
0.000400296 0.000172168 0.000181704 
0.000412353 0.000119472 0.000128789 
0.000414906 8.45908e-05 9.08933e-05 
0.000408466 8.64254e-05 8.52957e-05 
0.000393712 0.000117898 0.000111247 
0.000371468 0.000157488 0.000148269 
0.000342673 0.000195902 0.000185369 
0.000308357 0.000229864 0.000218576 
0.00026961 0.000257981 0.000246251 
0.00022756 0.000279597 0.000267632 
0.000183358 0.000294443 0.0002824 
0.000138175 0.000302512 0.000290513 
9.32857e-05 0.00030399 0.000292136 
5.06569e-05 0.000299221 0.000287595 
2.1216e-05 0.000288681 0.00027735 
4.27959e-05 0.000272952 0.000261971 
7.73038e-05 0.000252705 0.000242117 
0.000109647 0.000228681 0.00021852 
0.000138092 0.000201681 0.000191974 
0.000162023 0.00017256 0.000163332 
0.000181126 0.000142249 0.000133533 
0.000195256 0.00011183 0.00010369 
0.000204401 8.2789e-05 7.54169e-05 
0.000208664 5.78795e-05 5.19608e-05 
0.000208249 4.34707e-05 4.09668e-05 
0.00020345 4.71423e-05 4.86894e-05 
0.000194636 6.31568e-05 6.64825e-05 
0.000182243 8.22362e-05 8.60535e-05 
0.000166754 0.000100469 0.000104325 
0.000148693 0.000116392 0.000120121 
0.000128609 0.000129364 0.000132908 
0.000107068 0.000139088 0.000142433 
8.46432e-05 0.000145449 0.000148607 
6.19324e-05 0.000148461 0.000151454 
3.96367e-05 0.00014823 0.000151091 
1.92464e-05 0.000144941 0.000147704 
1.22358e-05 0.00013884 0.000141543 
2.75304e-05 0.000130229 0.00013291 
4.46886e-05 0.00011945 0.000122145 
6.03638e-05 0.000106883 0.000109627 
7.39624e-05 9.29375e-05 9.57606e-05 
8.52301e-05 7.80575e-05 8.09819e-05 
9.40343e-05 6.2738e-05 6.5773e-05 
0.000100322 4.75968e-05 5.07181e-05 
0.000104103 3.36225e-05 3.6693e-05 
0.000105445 2.30745e-05 2.55112e-05 

